@RELATION digits10

@ATTRIBUTE digits100 NUMERIC
@ATTRIBUTE digits101 NUMERIC
@ATTRIBUTE digits102 NUMERIC
@ATTRIBUTE digits103 NUMERIC
@ATTRIBUTE digits104 NUMERIC
@ATTRIBUTE digits105 NUMERIC
@ATTRIBUTE digits106 NUMERIC
@ATTRIBUTE digits107 NUMERIC
@ATTRIBUTE digits108 NUMERIC
@ATTRIBUTE digits109 NUMERIC
@ATTRIBUTE digits1010 NUMERIC
@ATTRIBUTE digits1011 NUMERIC
@ATTRIBUTE digits1012 NUMERIC
@ATTRIBUTE digits1013 NUMERIC
@ATTRIBUTE digits1014 NUMERIC
@ATTRIBUTE digits1015 NUMERIC
@ATTRIBUTE digits1016 NUMERIC
@ATTRIBUTE digits1017 NUMERIC
@ATTRIBUTE digits1018 NUMERIC
@ATTRIBUTE digits1019 NUMERIC
@ATTRIBUTE digits1020 NUMERIC
@ATTRIBUTE digits1021 NUMERIC
@ATTRIBUTE digits1022 NUMERIC
@ATTRIBUTE digits1023 NUMERIC
@ATTRIBUTE digits1024 NUMERIC
@ATTRIBUTE digits1025 NUMERIC
@ATTRIBUTE digits1026 NUMERIC
@ATTRIBUTE digits1027 NUMERIC
@ATTRIBUTE digits1028 NUMERIC
@ATTRIBUTE digits1029 NUMERIC
@ATTRIBUTE digits1030 NUMERIC
@ATTRIBUTE digits1031 NUMERIC
@ATTRIBUTE digits1032 NUMERIC
@ATTRIBUTE digits1033 NUMERIC
@ATTRIBUTE digits1034 NUMERIC
@ATTRIBUTE digits1035 NUMERIC
@ATTRIBUTE digits1036 NUMERIC
@ATTRIBUTE digits1037 NUMERIC
@ATTRIBUTE digits1038 NUMERIC
@ATTRIBUTE digits1039 NUMERIC
@ATTRIBUTE digits1040 NUMERIC
@ATTRIBUTE digits1041 NUMERIC
@ATTRIBUTE digits1042 NUMERIC
@ATTRIBUTE digits1043 NUMERIC
@ATTRIBUTE digits1044 NUMERIC
@ATTRIBUTE digits1045 NUMERIC
@ATTRIBUTE digits1046 NUMERIC
@ATTRIBUTE digits1047 NUMERIC
@ATTRIBUTE digits1048 NUMERIC
@ATTRIBUTE class {0,1,2,3,4,5,6,7,8,9}

@DATA
0,0,1,0,0,1,0,1,1,0,0,0,1,0,1,0,0,0,0,0,1,1,0,0,0,0,0,1,1,0,0,0,0,0,1,0,1,0,0,0,1,0,0,0,1,1,1,0,0,0
0,0,0,1,0,0,0,0,0,1,1,0,0,0,0,1,0,1,0,0,0,0,0,0,1,0,0,0,0,0,0,1,0,0,1,0,0,0,1,0,0,0,0,1,1,0,1,1,0,1
0,1,1,1,1,1,0,0,0,0,0,0,0,1,0,0,0,0,0,0,1,0,1,1,1,1,1,1,1,0,0,0,0,0,0,1,0,0,0,0,0,0,1,1,1,1,1,1,1,2
0,1,1,1,1,1,0,1,0,0,0,0,0,1,0,0,0,0,0,0,1,0,1,1,1,1,1,0,0,0,0,0,0,0,1,1,0,0,0,0,0,1,0,0,1,1,1,1,0,3
0,0,0,1,0,0,0,1,0,0,0,0,1,0,1,1,0,0,0,1,0,1,0,0,0,0,1,0,1,1,1,1,1,1,1,0,0,0,0,0,1,0,0,0,0,0,0,1,0,4
1,1,1,0,1,1,1,1,0,0,0,0,0,0,1,0,0,0,0,1,0,1,1,1,1,1,1,0,0,0,0,0,0,0,1,1,0,0,0,0,0,1,0,1,1,1,1,1,0,5
0,1,1,1,1,1,0,1,0,0,0,0,0,1,1,0,0,0,0,0,1,1,1,1,1,1,1,0,1,0,1,0,0,0,1,1,0,0,0,0,0,1,0,1,1,1,1,1,0,6
1,1,1,1,1,1,1,1,0,0,0,0,1,0,0,0,0,0,1,0,0,0,0,0,1,0,0,0,0,0,1,0,0,0,0,0,0,1,0,0,0,0,0,0,1,0,0,0,0,7
0,1,1,1,1,1,0,1,0,0,1,0,0,1,1,0,0,1,0,0,1,0,1,1,1,1,1,0,1,0,0,0,0,0,1,1,0,0,0,0,0,1,0,1,1,1,1,1,0,8
0,1,1,1,1,1,0,1,0,0,0,0,0,1,1,0,0,0,0,0,1,0,1,1,1,0,1,1,0,0,0,0,0,0,1,1,0,0,0,0,0,1,0,1,1,1,1,1,0,9
0,0,1,1,1,0,0,0,1,0,0,0,1,0,1,0,0,0,0,0,1,1,0,0,0,0,1,1,1,0,0,0,0,0,1,0,1,0,0,0,1,0,0,0,1,1,1,0,0,0
0,0,0,1,0,0,0,0,0,1,1,0,0,0,0,1,0,1,0,0,0,0,0,0,1,0,0,0,0,0,0,1,0,0,0,0,0,0,1,0,0,0,0,1,1,1,1,1,0,1
0,1,1,1,1,1,0,1,0,0,0,0,0,1,0,0,0,0,1,0,1,0,1,1,1,1,1,0,1,0,0,0,0,0,0,1,0,0,0,0,0,0,1,1,1,1,1,1,1,2
0,1,1,1,1,1,0,1,0,0,0,0,0,1,0,0,0,1,0,0,1,0,1,1,1,0,1,0,0,0,0,0,0,0,1,1,0,0,0,0,1,1,0,1,1,1,1,1,0,3
1,0,0,0,0,0,0,1,0,0,0,0,1,0,1,0,0,0,0,1,0,1,0,0,0,0,1,0,1,1,1,1,1,1,1,0,0,0,0,0,1,0,0,0,0,0,0,1,0,4
1,1,1,1,0,1,1,1,0,0,0,0,0,0,1,1,0,0,0,0,0,1,1,1,1,1,1,0,0,0,0,0,0,0,1,1,0,0,0,0,0,1,0,1,1,1,1,1,0,5
0,1,1,1,1,1,0,0,0,0,0,0,0,1,1,0,0,0,1,0,0,1,1,1,0,1,1,0,1,0,0,0,0,0,1,1,0,0,0,0,0,1,0,1,1,1,1,1,0,6
1,1,1,1,1,1,1,1,0,1,0,0,1,0,0,0,0,0,1,0,0,0,0,0,1,0,0,0,0,0,1,0,0,0,0,0,0,1,0,0,0,0,0,0,0,0,0,0,0,7
0,1,1,1,1,1,0,1,0,0,0,0,0,1,1,0,0,0,0,0,1,0,1,1,1,1,1,0,1,0,0,0,0,0,1,1,0,1,0,0,0,1,0,1,1,1,1,1,0,8
1,1,1,1,1,1,0,1,0,0,0,0,0,1,1,0,0,0,0,0,1,0,1,1,1,0,1,0,0,0,0,1,0,0,1,1,1,0,0,0,1,1,0,1,1,1,1,1,0,9
0,0,1,1,1,0,0,0,1,0,0,0,1,0,1,0,0,1,0,0,0,1,0,0,0,0,0,1,1,0,0,0,0,0,1,0,1,0,0,0,1,0,0,0,1,1,1,0,0,0
0,0,0,1,0,0,0,0,0,1,0,0,1,0,0,1,0,0,0,0,0,0,0,0,1,0,0,0,0,0,0,1,0,0,0,0,0,1,1,0,0,0,0,1,1,1,1,1,0,1
0,1,1,1,1,0,0,1,0,0,0,0,0,1,0,0,0,0,0,0,1,0,1,1,1,1,1,0,1,0,0,0,0,0,0,1,0,0,0,0,0,0,1,1,1,1,1,1,1,2
0,1,1,1,1,1,0,1,0,0,0,0,0,1,0,0,0,0,0,0,1,0,1,1,1,0,1,0,0,0,0,0,0,1,1,1,0,0,0,0,0,1,0,1,0,1,1,1,0,3
1,0,0,0,0,0,0,1,0,0,0,0,1,0,1,0,0,0,0,1,0,1,0,0,0,0,1,0,1,1,1,1,1,1,1,0,0,0,0,0,1,0,0,0,0,0,0,1,0,4
0,1,1,1,1,1,1,1,0,0,0,0,0,0,1,0,0,0,0,0,0,1,1,1,1,1,1,0,0,0,0,0,0,0,1,1,0,0,1,0,0,1,0,1,1,1,1,1,0,5
1,1,1,1,1,1,0,1,0,0,0,0,0,1,1,0,0,0,0,0,0,1,1,1,1,1,1,0,1,0,0,0,0,0,1,1,0,0,0,0,0,1,0,1,1,0,1,1,0,6
1,1,1,1,1,1,1,1,0,0,0,0,1,0,0,1,0,1,1,0,0,0,0,0,1,0,0,0,0,0,1,0,0,0,0,0,0,1,0,0,0,0,0,0,1,0,0,0,0,7
0,1,1,1,1,0,0,0,0,0,0,0,0,1,1,0,0,0,0,0,1,0,1,1,1,1,1,0,1,1,0,0,0,0,1,1,0,0,0,0,0,1,0,1,1,1,1,1,0,8
0,1,1,1,1,1,0,1,1,0,1,0,0,1,1,0,0,0,0,1,1,0,1,1,1,1,1,1,1,0,0,0,0,0,1,1,0,0,0,0,0,1,1,1,1,1,1,0,0,9
0,0,1,0,1,0,0,0,1,0,0,0,1,0,1,0,0,0,0,0,1,1,0,0,0,0,0,1,1,0,0,0,0,0,1,0,1,0,0,0,1,0,0,0,1,1,1,0,0,0
0,0,0,1,0,0,0,0,0,1,1,0,0,0,0,0,0,1,0,0,0,1,0,0,1,0,0,0,0,0,0,1,0,0,0,0,0,0,0,0,0,0,0,1,1,1,1,1,0,1
0,1,1,0,1,1,0,1,0,0,0,0,0,0,0,0,0,0,0,1,1,0,1,1,1,1,1,0,1,0,0,0,0,0,0,1,0,0,0,0,0,1,1,1,1,1,1,1,1,2
0,1,1,0,1,1,0,1,1,0,0,0,0,1,0,0,0,0,0,0,1,0,1,1,1,0,1,0,0,0,1,0,0,0,1,1,0,0,0,0,1,1,0,1,1,1,0,1,0,3
1,0,0,0,0,0,0,1,0,0,0,0,1,0,1,0,0,0,0,1,0,1,0,0,0,0,1,0,1,1,1,1,0,1,0,0,0,0,0,0,1,0,0,0,0,0,0,1,0,4
1,1,1,1,1,1,1,1,0,0,0,0,0,0,1,0,0,0,0,0,0,1,1,1,1,1,1,0,0,0,0,0,0,1,1,1,0,0,0,0,0,1,0,1,1,1,1,0,0,5
0,1,1,1,1,1,0,1,0,0,0,1,0,1,1,0,0,0,0,0,0,1,1,1,1,0,1,0,1,0,0,0,0,0,1,1,0,0,0,0,0,1,0,1,1,1,1,1,0,6
1,1,1,1,1,1,1,1,0,0,0,0,1,0,0,0,0,0,1,0,0,0,0,0,1,0,0,0,0,0,1,0,0,0,0,0,0,1,0,0,0,0,0,0,1,0,0,0,0,7
0,1,1,1,1,1,0,1,0,1,0,0,0,1,1,0,0,0,0,0,1,0,1,1,1,1,1,0,1,0,0,0,0,0,1,1,0,0,0,0,0,1,0,1,1,1,1,1,0,8
0,1,1,1,1,1,0,1,0,0,0,0,0,1,1,0,0,0,0,0,1,0,1,1,1,1,1,1,0,0,0,0,0,1,1,1,0,0,0,0,0,1,0,1,1,1,1,1,0,9
1,0,1,1,1,0,0,0,1,0,0,0,1,0,1,1,1,0,0,0,1,1,0,1,0,0,0,1,1,0,0,0,0,1,1,0,0,0,0,0,1,0,0,0,1,1,1,0,0,0
0,0,0,1,0,0,0,1,0,1,1,0,0,0,0,1,0,1,0,0,0,0,0,0,1,1,0,1,0,0,0,1,0,1,0,0,0,0,1,0,0,0,0,1,1,1,1,1,0,1
0,1,1,1,1,1,0,1,0,0,1,0,0,1,0,0,0,0,0,0,1,0,1,1,1,1,0,0,1,0,0,0,0,0,0,1,0,0,0,0,0,0,1,0,1,1,1,1,1,2
0,1,1,1,1,1,1,0,0,0,0,0,0,0,0,0,0,0,0,0,1,0,0,1,1,1,1,0,0,0,0,0,0,0,1,1,0,0,0,0,0,1,0,1,1,1,1,1,0,3
1,0,0,0,0,0,0,1,0,0,0,0,0,0,1,0,0,0,0,1,0,1,0,0,0,0,1,0,1,0,1,1,1,1,1,0,0,0,0,0,1,0,0,0,0,0,0,1,0,4
1,1,1,1,1,1,1,1,1,0,0,0,0,0,1,0,0,1,0,0,0,1,1,1,1,1,1,0,0,0,0,0,0,0,1,1,0,0,0,0,1,1,0,0,1,1,1,1,0,5
0,0,1,0,1,1,0,1,0,0,0,0,0,1,1,0,0,0,0,0,0,1,1,1,1,1,0,0,1,0,0,0,0,0,1,1,0,0,0,0,0,1,1,1,1,1,1,1,0,6
1,1,1,0,0,1,1,1,0,0,0,1,1,0,0,0,0,0,0,0,0,0,0,0,1,0,0,0,0,0,1,0,0,0,0,0,0,1,0,0,0,1,0,0,1,0,0,0,0,7
0,1,1,1,1,1,0,1,0,0,0,0,0,1,1,0,0,0,0,0,1,0,1,1,1,0,1,0,1,0,0,0,0,0,1,1,0,0,0,1,0,1,0,1,1,1,1,1,0,8
0,1,1,1,1,1,0,1,0,0,0,0,0,1,1,0,0,1,0,0,1,0,1,1,1,1,1,1,0,0,0,0,0,0,1,1,0,0,1,0,1,1,0,1,1,1,1,0,0,9
1,0,0,1,1,0,0,0,1,0,0,1,1,0,1,0,0,0,0,0,1,0,0,1,0,0,0,1,1,1,0,0,0,0,1,0,1,1,0,0,1,0,0,0,0,1,1,0,0,0
0,0,0,1,0,0,0,0,0,1,1,0,0,0,0,1,0,1,0,0,0,0,1,0,1,0,0,0,0,0,0,1,1,0,0,0,0,0,1,0,0,0,0,1,1,1,1,1,0,1
0,1,1,1,1,1,0,1,0,0,0,0,0,1,0,0,0,0,0,0,1,0,1,1,1,1,1,0,0,0,0,0,0,0,0,1,0,0,0,0,0,0,1,1,1,1,1,1,1,2
0,1,1,1,1,0,1,1,0,0,0,0,0,1,0,0,0,0,0,0,1,0,1,1,1,0,1,0,0,0,0,0,0,0,1,1,0,0,1,0,0,1,0,1,1,1,1,1,0,3
1,0,0,0,0,0,0,1,0,0,0,0,1,0,1,0,0,0,0,1,0,1,0,0,0,0,1,0,1,1,1,1,1,1,1,0,1,0,0,0,1,0,0,1,0,0,0,1,0,4
1,1,1,1,1,1,1,0,0,0,0,1,0,0,1,0,0,0,0,0,0,1,1,1,0,1,1,0,0,0,0,1,0,0,1,1,0,0,0,0,1,1,0,1,1,1,1,1,0,5
0,1,1,1,1,1,0,0,0,0,0,0,0,1,1,0,0,0,0,0,0,1,1,1,1,1,1,0,1,0,0,0,0,0,1,1,0,0,1,0,0,1,0,1,1,1,1,1,0,6
1,1,1,1,1,1,1,1,0,0,0,0,1,0,0,0,0,0,1,0,0,0,0,0,1,0,0,0,0,0,1,0,0,0,0,0,0,1,0,0,0,0,0,0,1,1,0,0,0,7
0,1,1,1,1,1,0,1,0,0,0,0,0,1,1,0,0,0,0,0,1,0,1,0,1,1,1,0,1,1,0,0,0,0,1,1,0,0,0,0,0,1,0,1,1,1,1,1,0,8
0,1,1,1,1,1,0,1,0,0,0,0,0,1,1,0,0,0,0,0,1,0,1,1,1,1,1,1,0,1,0,0,0,0,1,1,0,0,0,0,0,1,0,1,1,1,1,1,0,9
0,0,1,1,1,0,0,1,1,0,0,0,1,0,1,1,0,0,0,0,1,1,0,0,0,0,0,1,1,0,0,0,1,0,1,0,1,0,0,0,1,0,0,0,1,1,1,1,0,0
0,0,0,1,1,0,0,0,0,1,1,0,0,0,0,1,0,1,0,0,0,0,0,0,1,0,0,0,1,0,0,1,1,0,0,0,0,0,1,0,0,0,0,1,1,1,1,0,0,1
0,1,1,1,1,1,0,1,0,1,0,0,0,1,0,0,0,0,0,0,1,0,1,0,1,1,1,0,1,0,0,0,0,0,0,1,0,0,0,0,0,1,1,1,1,1,1,1,1,2
0,1,1,1,1,1,0,1,0,0,0,0,0,1,0,0,0,0,0,0,1,0,1,1,1,1,1,0,0,0,0,0,0,0,1,1,0,0,0,0,0,1,0,1,1,1,1,1,0,3
1,0,0,0,0,0,0,1,0,0,0,0,1,0,1,0,0,0,0,1,0,1,0,0,0,0,0,0,1,1,1,1,1,1,1,0,0,0,0,0,1,0,0,0,0,0,0,1,0,4
1,0,1,1,1,0,1,0,0,0,0,0,0,0,1,0,0,0,0,0,0,1,1,1,1,1,1,0,1,0,0,0,0,0,1,1,0,0,0,0,0,1,0,1,1,1,1,1,0,5
0,1,1,1,1,1,0,1,0,0,0,0,0,1,1,0,0,0,0,0,0,1,1,1,1,1,1,0,1,0,0,0,0,0,1,1,0,0,0,0,0,1,1,1,1,0,1,1,0,6
1,1,1,1,1,1,1,1,0,0,0,0,1,0,0,1,0,0,1,0,0,0,0,0,1,0,0,0,0,0,1,1,0,0,0,0,0,1,0,0,0,0,0,0,1,0,0,0,0,7
0,1,1,1,1,1,0,1,0,1,0,0,0,1,1,0,0,0,0,0,1,0,1,1,1,1,1,0,1,0,0,0,0,0,1,1,0,0,0,0,0,1,0,1,1,1,1,1,0,8
0,1,1,1,1,1,0,1,1,0,0,0,0,1,1,0,0,0,0,0,1,0,1,0,1,1,0,1,0,0,0,0,0,0,1,1,0,0,0,0,0,1,0,1,0,1,1,1,0,9
0,0,1,1,1,0,0,0,1,0,0,0,1,0,0,0,0,0,0,0,1,1,0,0,0,0,0,1,1,0,0,0,0,0,1,0,1,0,0,0,1,0,0,0,1,1,1,0,0,0
1,0,0,1,0,0,0,0,0,1,1,0,0,0,0,1,0,1,0,0,0,0,0,1,1,0,0,0,0,0,0,1,0,0,0,0,0,0,1,0,0,0,0,1,1,1,1,0,0,1
1,1,1,1,1,1,0,1,1,0,0,0,0,1,0,0,0,0,0,0,1,0,1,1,1,1,1,0,1,0,0,0,0,0,0,1,0,0,0,0,0,0,1,1,1,0,1,1,1,2
0,1,1,1,1,0,0,1,0,0,0,0,0,1,0,0,0,0,0,0,1,0,1,1,0,0,1,0,0,0,0,1,0,0,1,0,0,0,0,0,0,1,0,1,0,1,1,1,0,3
1,0,0,0,0,0,0,1,0,0,0,0,1,0,1,0,1,0,0,1,0,1,0,1,0,0,1,0,1,1,1,1,1,1,1,0,0,0,0,0,1,0,0,0,0,0,0,1,0,4
1,1,1,1,1,1,1,1,0,0,0,0,0,0,1,0,0,0,0,0,0,1,1,1,1,1,1,0,0,0,0,0,0,0,1,1,0,0,0,0,0,1,1,0,1,1,1,1,0,5
0,1,1,1,1,1,0,1,0,0,0,0,0,1,1,0,0,0,0,0,0,1,1,1,1,1,1,0,1,0,0,0,0,0,1,1,0,0,0,0,1,1,0,1,1,1,1,1,0,6
1,0,1,1,1,1,1,1,0,1,0,0,1,0,0,0,0,0,1,0,0,0,0,0,1,0,0,0,0,0,1,0,0,0,0,0,0,1,0,0,0,0,0,0,1,0,0,0,0,7
0,1,1,1,1,1,1,1,0,0,0,0,0,1,1,0,0,0,0,0,1,0,1,1,1,1,1,0,1,0,0,0,0,0,1,1,0,0,0,0,0,1,0,1,1,1,1,1,0,8
0,1,1,1,1,1,0,1,0,0,0,0,0,1,1,0,0,0,0,0,1,0,1,1,1,1,1,0,0,0,0,0,0,0,1,1,0,0,0,0,0,1,0,1,1,1,1,1,0,9
0,0,1,1,1,0,0,0,1,0,0,0,1,0,1,0,0,0,0,0,0,1,0,0,0,0,0,1,1,1,0,0,0,0,1,0,1,0,0,0,1,0,0,0,1,1,1,0,0,0
0,0,0,1,0,0,0,0,0,1,1,1,0,0,0,1,0,1,0,0,0,0,1,0,1,0,0,0,0,0,0,1,0,0,0,0,0,0,1,0,0,0,0,1,1,1,1,1,0,1
0,1,1,1,1,0,1,1,0,0,0,0,0,1,0,0,0,0,0,0,1,0,1,1,1,1,1,0,1,0,0,0,0,0,0,1,0,0,0,0,0,0,1,1,1,1,1,1,1,2
0,1,1,1,1,1,0,1,1,0,0,0,0,1,0,0,0,0,0,0,0,0,1,1,1,1,1,0,0,0,0,0,0,0,1,1,0,0,0,0,0,1,0,1,1,1,1,1,0,3
1,0,0,0,0,0,0,1,0,0,0,0,1,0,1,0,0,0,0,1,0,1,0,0,1,0,1,0,1,1,1,1,1,1,1,0,0,0,0,1,1,0,0,0,0,0,0,1,0,4
1,1,1,1,1,1,1,1,0,0,0,0,1,0,1,0,0,0,0,0,0,1,1,1,1,1,1,0,0,1,0,0,0,0,1,1,0,0,0,1,0,1,0,1,1,1,1,1,0,5
0,1,1,0,1,1,0,1,0,0,0,0,0,1,1,0,0,0,0,0,0,0,1,1,1,1,1,0,1,0,0,0,0,0,1,1,0,0,0,0,0,1,0,1,1,1,1,1,0,6
1,1,1,1,1,1,1,1,0,0,0,0,0,0,0,0,0,0,1,0,0,0,0,0,1,0,0,0,0,0,1,0,0,1,1,0,0,1,0,0,0,0,0,0,1,0,0,0,0,7
0,1,1,1,1,1,0,1,0,1,0,0,0,1,1,0,0,0,0,0,1,0,1,1,1,1,1,0,1,0,0,0,0,1,1,1,0,0,0,0,0,0,0,1,1,1,1,1,0,8
1,1,1,1,1,1,1,1,0,0,0,0,0,1,1,0,0,0,0,0,1,0,1,1,1,1,0,1,0,0,0,0,0,0,1,1,0,0,0,0,0,1,0,1,1,1,1,1,0,9
0,0,1,1,1,0,0,0,1,0,0,0,1,0,1,0,0,0,0,0,1,1,0,1,0,1,0,1,0,1,0,0,0,0,1,0,1,0,0,0,1,0,1,0,1,1,1,0,0,0
0,0,0,1,0,0,0,0,0,1,1,0,0,0,0,1,0,1,0,0,1,0,0,0,1,0,0,0,0,0,0,1,0,0,0,0,0,0,1,0,0,0,0,1,1,1,1,1,0,1
0,1,1,1,1,1,0,1,0,0,0,0,0,1,0,0,0,0,0,0,0,0,1,1,1,1,1,0,1,0,0,0,0,0,0,1,0,0,0,0,0,0,1,1,1,1,1,0,1,2
0,1,1,1,1,1,0,1,0,0,0,0,0,1,1,0,0,0,1,1,1,0,1,1,1,1,1,0,0,0,0,0,0,0,1,1,0,0,0,0,0,1,0,1,1,1,1,1,0,3
1,0,0,0,0,0,0,1,0,0,0,0,1,0,1,0,0,0,1,1,0,1,0,0,0,0,1,0,1,1,0,1,1,1,1,1,0,0,0,0,1,0,0,0,0,0,1,1,0,4
1,1,1,1,1,1,1,1,0,1,0,0,0,0,1,0,0,0,0,0,0,1,1,1,1,1,1,0,0,0,0,0,0,0,1,1,0,0,0,0,0,1,1,1,1,1,1,1,0,5
0,1,1,1,1,1,0,1,0,0,0,0,0,1,1,0,0,0,0,0,0,1,1,1,1,1,1,0,1,0,0,0,0,0,1,1,0,0,0,0,0,1,0,1,1,1,1,1,0,6
1,1,1,1,1,1,1,1,0,0,0,0,0,0,0,0,0,0,1,0,0,0,0,0,1,0,0,0,0,0,1,0,0,0,0,0,0,1,0,0,0,0,0,0,1,0,0,0,0,7
0,1,1,1,1,1,0,1,0,0,0,0,0,1,1,0,0,0,0,0,1,0,1,0,1,1,1,0,1,0,0,0,0,0,1,1,0,0,0,0,0,1,0,1,1,1,1,1,0,8
0,0,1,1,1,1,1,1,0,0,0,0,0,1,1,0,0,0,0,0,1,0,1,1,1,0,1,1,0,1,0,0,0,0,1,0,0,1,0,0,0,1,0,1,1,1,1,1,0,9
0,0,1,1,1,0,0,0,1,0,0,0,1,0,0,0,0,0,0,0,1,1,0,1,0,0,0,1,1,0,0,0,0,0,1,0,1,0,0,0,1,0,0,0,1,1,1,0,0,0
0,0,0,1,0,0,0,0,0,1,1,0,0,0,0,1,0,1,0,0,0,0,0,0,1,0,0,0,1,0,0,1,0,0,0,0,0,0,1,0,0,0,0,1,1,1,1,1,0,1
0,1,1,1,1,1,0,1,0,0,0,0,0,1,0,0,0,0,0,0,1,0,1,1,1,1,1,0,1,0,0,1,0,0,0,1,0,0,0,0,0,0,0,1,1,1,1,1,1,2
0,1,1,1,1,1,0,1,0,0,0,0,0,1,0,0,1,1,0,0,1,0,1,1,1,1,0,0,0,1,0,0,0,0,1,1,0,0,0,0,0,1,0,1,1,1,1,1,0,3
1,0,0,0,0,0,0,1,0,0,0,0,1,0,1,0,0,0,0,1,0,1,0,0,0,0,1,0,1,1,1,1,1,1,1,0,0,0,1,0,1,0,1,0,0,0,0,1,0,4
1,1,1,1,1,1,1,1,1,1,0,0,1,0,1,0,0,0,0,0,0,1,1,1,1,1,1,0,0,0,0,0,0,0,1,1,0,0,0,0,0,1,0,1,1,1,1,1,0,5
0,1,1,1,1,1,0,1,0,0,0,0,0,1,1,0,0,0,0,0,0,1,1,1,1,1,1,0,1,0,0,0,0,0,1,1,0,0,0,0,0,1,0,1,1,1,1,1,0,6
1,1,1,1,1,1,1,1,0,0,1,0,0,0,0,0,0,0,1,0,1,0,0,0,1,0,0,0,0,0,1,0,0,0,0,0,0,1,0,0,0,0,0,0,1,0,0,1,0,7
0,1,1,1,1,1,0,1,0,0,0,0,0,1,1,0,0,0,0,0,1,0,1,1,1,1,1,0,1,0,0,0,0,1,1,1,0,0,0,0,0,0,0,1,1,1,1,1,0,8
0,1,1,1,1,1,0,1,0,0,0,0,0,1,1,0,0,0,0,1,1,0,1,1,1,1,1,1,1,0,1,0,0,0,1,1,0,0,0,0,0,1,0,1,1,1,1,1,0,9
0,0,1,1,1,0,0,0,1,0,0,0,1,0,1,0,0,0,0,0,1,1,0,0,0,0,0,1,1,1,0,0,0,0,1,0,1,0,0,0,1,0,0,0,1,0,1,0,0,0
0,0,0,1,0,0,0,0,0,1,1,0,0,0,0,1,0,1,0,0,0,0,0,0,1,0,0,0,0,0,0,1,0,0,0,0,0,0,1,1,0,0,0,1,1,1,1,0,0,1
0,1,1,1,1,0,0,1,0,0,0,0,0,1,0,0,0,0,0,0,1,0,1,1,1,0,1,0,1,0,0,0,0,0,1,1,0,0,0,0,0,0,1,1,1,1,1,1,1,2
0,1,1,0,1,1,0,1,0,1,0,0,0,1,0,0,0,1,0,0,1,0,1,1,1,1,1,0,0,0,0,0,0,0,1,1,0,0,0,0,1,0,0,1,1,1,1,1,0,3
1,0,0,0,0,0,0,1,0,0,0,0,1,1,1,0,0,0,0,1,0,1,0,0,0,0,1,0,1,1,1,1,1,1,1,0,0,0,0,0,1,0,0,0,0,0,0,1,0,4
1,1,1,1,1,1,1,0,0,0,0,0,1,0,1,0,0,0,0,0,0,1,1,1,1,1,1,0,0,0,0,0,0,0,1,1,0,0,0,0,1,1,0,1,1,1,1,1,0,5
0,1,1,1,1,1,0,1,0,0,1,0,1,1,1,0,0,0,0,0,0,1,1,1,1,1,1,0,1,0,1,0,0,0,1,0,0,0,0,0,0,1,1,1,1,1,1,1,0,6
1,1,1,1,1,1,0,1,0,0,0,0,1,0,0,0,0,0,1,0,0,0,0,0,1,0,0,0,0,0,1,0,1,0,0,0,0,1,0,0,1,0,0,0,1,0,0,0,0,7
0,1,1,1,1,1,0,1,0,0,0,0,0,1,1,0,0,0,0,0,1,0,1,1,1,1,1,0,1,0,0,0,0,0,1,1,0,0,0,0,0,1,0,1,1,1,1,0,0,8
0,1,1,1,1,1,0,1,0,0,0,0,0,1,0,0,1,0,0,0,1,0,1,1,1,1,1,1,0,0,0,0,0,0,1,1,0,0,0,0,0,1,0,1,1,1,1,1,0,9
0,0,1,1,1,0,0,0,1,0,0,0,1,0,1,0,0,0,0,0,1,0,0,0,0,0,0,1,1,0,0,0,0,0,1,0,1,0,0,0,1,0,0,0,1,1,1,0,0,0
0,0,0,1,0,0,0,0,0,1,1,1,0,0,0,1,0,1,0,0,0,0,1,0,1,0,0,0,0,0,0,1,0,0,0,0,0,0,1,0,0,0,0,1,1,1,1,1,0,1
0,1,1,1,1,1,0,1,0,0,0,0,0,1,0,0,0,0,0,0,1,0,1,1,1,1,1,0,1,0,0,0,0,0,0,1,0,0,0,0,0,0,1,1,1,1,1,1,1,2
0,1,1,1,1,1,0,1,0,0,0,0,0,1,1,0,0,0,0,0,1,0,1,1,1,1,1,0,0,0,0,0,0,0,1,1,0,1,0,0,0,1,0,1,1,1,1,1,0,3
1,0,0,0,0,0,0,1,0,0,0,0,1,0,1,0,0,1,0,1,0,1,0,0,0,0,0,0,1,1,1,1,1,1,1,0,0,0,0,0,1,0,0,0,0,0,0,1,0,4
1,1,1,1,1,1,1,1,0,0,0,0,0,0,1,0,0,0,0,0,0,1,1,1,1,1,1,0,0,0,0,0,0,0,1,1,0,0,0,0,0,1,0,0,1,1,1,0,0,5
0,1,1,1,0,1,1,1,0,0,1,0,0,1,1,1,0,0,0,0,0,1,1,1,1,1,1,0,1,0,0,0,0,0,1,1,0,0,0,0,0,0,0,0,1,1,1,1,0,6
1,1,1,1,1,1,1,1,1,0,0,0,1,0,0,0,0,0,1,0,0,0,0,0,1,0,0,0,0,0,1,0,0,0,0,0,0,1,0,0,0,0,0,0,1,0,0,0,0,7
0,1,1,1,1,1,0,1,0,0,0,0,0,1,1,0,1,1,1,0,1,0,1,1,1,1,1,0,1,0,0,0,0,0,1,1,0,0,0,0,0,1,0,1,1,1,1,1,0,8
0,1,1,1,1,1,0,1,0,0,0,0,0,1,1,0,0,0,0,0,1,0,1,1,1,0,0,1,0,1,0,0,0,0,1,1,0,0,0,0,0,1,0,1,1,1,1,1,0,9
0,0,1,1,1,0,0,0,1,0,0,0,1,0,0,0,0,0,0,0,1,1,0,0,0,0,0,1,1,0,0,0,0,0,0,0,1,0,0,1,1,1,0,1,1,1,1,0,0,0
0,0,0,1,0,0,0,0,0,1,1,0,0,0,0,1,0,1,0,0,0,0,0,0,1,0,0,0,0,0,1,1,0,0,0,0,0,0,1,0,0,0,0,1,1,1,1,1,0,1
0,1,1,1,1,1,0,1,0,0,0,0,0,1,0,0,0,0,0,0,1,1,1,1,1,1,1,0,1,0,1,1,0,0,0,1,0,0,0,0,0,0,1,1,1,1,1,1,1,2
0,1,1,1,1,1,0,1,0,0,0,0,0,1,0,0,0,0,0,0,1,0,1,1,1,1,1,0,0,0,0,0,0,0,1,1,0,0,0,0,0,1,1,1,1,1,1,1,0,3
1,0,0,0,0,0,0,1,0,0,0,0,0,0,1,0,0,0,0,1,0,1,0,0,0,0,1,1,1,1,1,1,1,1,1,1,0,1,0,0,1,0,0,0,0,0,0,0,0,4
1,1,1,1,1,1,1,1,0,0,0,0,0,0,1,0,0,0,0,0,0,1,1,1,1,1,1,0,0,0,0,0,0,0,1,1,0,0,1,0,0,1,0,1,1,1,1,1,0,5
0,1,1,1,1,1,0,1,0,0,0,0,0,1,1,0,0,0,0,0,0,1,1,1,1,1,1,0,1,0,0,0,0,0,1,1,0,0,0,0,0,1,0,1,1,1,1,1,0,6
1,0,1,1,1,1,0,1,0,0,0,0,1,0,0,0,0,0,1,0,0,0,0,0,1,0,0,0,0,1,1,0,0,0,0,0,0,1,0,0,0,0,0,0,1,0,0,0,0,7
0,1,1,1,1,1,0,1,0,0,0,0,0,1,1,1,0,0,0,0,1,0,1,1,1,0,1,0,1,0,0,0,0,0,1,1,0,0,1,0,0,1,0,1,1,1,1,1,0,8
0,0,1,1,1,1,1,1,0,0,0,0,0,1,1,0,0,0,0,0,1,0,1,1,1,1,1,1,0,0,0,0,0,0,1,1,0,0,0,0,0,1,0,1,1,1,1,1,0,9
0,0,1,1,1,0,0,0,1,0,0,0,1,0,1,0,0,0,0,0,1,1,0,0,0,0,0,0,0,0,0,0,0,0,1,0,1,1,0,1,1,0,0,0,1,1,1,0,0,0
0,0,0,1,0,0,0,0,0,1,1,0,0,0,0,1,0,1,0,0,0,0,0,0,1,0,1,0,0,0,0,1,0,0,0,0,0,0,1,0,0,0,0,1,1,1,1,1,0,1
0,1,1,1,0,1,0,1,0,0,0,0,0,1,0,0,0,0,0,0,1,0,1,1,1,1,1,0,1,0,0,0,0,0,0,1,0,0,0,0,0,0,1,1,1,1,1,0,1,2
0,1,1,1,1,1,0,1,0,0,0,0,0,1,0,0,0,0,0,0,1,0,1,1,1,1,1,1,0,0,0,0,1,0,1,1,0,0,0,0,0,1,0,1,1,0,1,1,0,3
1,0,0,0,0,0,0,1,0,0,0,0,1,0,1,0,0,0,0,1,0,1,0,0,0,0,1,0,1,1,1,0,1,1,1,0,0,0,0,0,1,0,0,0,0,0,0,1,0,4
1,1,1,1,1,1,1,1,0,0,0,0,0,0,1,0,0,0,0,0,0,1,1,1,1,1,1,0,0,0,0,0,0,0,0,1,0,0,0,0,0,1,0,1,0,1,1,1,0,5
0,1,1,1,1,1,0,1,0,0,0,0,0,1,1,0,0,0,0,0,1,1,1,1,1,1,1,0,1,0,0,0,0,0,1,1,0,0,0,0,0,1,0,1,1,1,1,1,0,6
1,1,1,1,1,1,1,1,0,0,0,0,1,0,0,0,0,0,1,0,0,0,0,0,1,0,0,0,0,0,1,0,0,1,0,0,0,1,0,0,0,1,0,0,0,0,0,0,0,7
0,1,1,1,1,1,0,1,0,0,0,0,0,1,1,0,0,0,0,0,1,0,1,1,0,0,1,0,1,0,0,0,0,0,1,1,0,0,0,0,0,1,0,1,1,1,1,1,0,8
0,1,0,1,1,1,0,1,0,0,0,0,0,1,1,0,0,0,0,0,1,0,1,1,1,1,1,1,0,0,0,1,0,0,1,1,0,0,0,0,0,1,0,1,1,1,1,1,0,9
0,1,1,1,1,0,0,0,1,0,0,0,1,0,1,0,0,0,0,0,1,1,0,1,0,0,1,1,1,0,0,0,0,0,1,0,1,0,0,0,1,0,0,0,1,1,1,0,0,0
0,0,0,1,0,0,0,0,0,1,1,0,0,0,0,1,0,1,0,0,0,1,0,0,0,0,0,0,0,0,0,1,0,0,0,0,0,0,1,0,0,0,0,1,1,1,1,1,0,1
0,1,1,1,1,1,0,1,0,0,0,0,0,1,0,0,0,1,0,0,1,0,1,1,1,1,1,0,1,0,0,0,0,0,0,1,0,0,0,0,0,0,1,1,1,1,1,1,1,2
0,1,1,1,1,1,0,1,0,0,0,0,0,1,0,0,0,0,0,0,1,0,0,1,1,1,1,0,0,0,0,0,0,0,1,1,0,0,1,0,0,1,0,1,1,1,1,1,0,3
1,0,0,0,0,0,0,1,0,0,0,0,1,0,1,1,0,0,0,1,0,1,0,0,0,0,1,0,1,1,1,1,1,1,1,0,0,0,0,0,1,0,0,0,0,0,0,1,0,4
1,1,1,1,1,1,1,1,0,0,0,0,0,1,1,0,0,0,0,0,0,1,1,1,1,1,0,0,0,0,0,0,0,0,1,0,1,0,0,0,0,1,0,1,1,1,1,1,0,5
0,0,0,1,1,1,0,1,0,0,0,0,0,1,1,0,0,0,0,0,0,1,1,1,1,1,1,0,1,0,0,0,0,0,1,1,0,0,0,0,0,1,0,1,1,1,1,1,0,6
1,1,1,1,1,1,1,1,0,0,0,0,1,0,0,0,0,0,1,0,0,0,0,0,1,0,0,0,0,0,1,0,0,0,0,0,0,1,1,0,0,0,0,0,1,0,0,0,0,7
0,1,1,1,1,1,0,1,0,0,0,0,1,1,1,0,0,0,0,0,1,0,1,1,1,1,1,0,1,0,0,0,1,0,1,1,0,0,0,0,0,1,0,1,1,1,1,1,0,8
0,1,1,0,1,1,0,1,0,0,0,0,0,1,1,0,0,0,0,0,1,0,1,1,1,1,1,1,0,0,1,0,0,0,1,1,0,0,0,0,0,1,0,1,1,1,1,1,0,9
0,0,1,1,0,0,0,0,1,1,0,0,1,0,1,0,0,0,0,0,1,1,0,0,0,0,0,1,1,0,0,0,0,0,0,0,1,0,0,0,1,0,0,0,1,1,1,0,0,0
0,0,0,1,0,0,0,0,0,1,1,0,0,0,0,1,0,1,0,0,1,0,0,0,1,0,0,0,0,0,0,1,0,0,0,0,0,0,1,0,0,0,0,1,1,1,1,1,0,1
0,1,1,1,1,1,0,1,0,0,0,0,1,1,0,0,0,0,0,0,1,0,0,1,1,1,0,1,0,0,0,0,0,0,0,1,0,0,0,1,0,0,1,1,1,1,1,1,1,2
0,1,0,1,0,1,0,1,0,0,0,0,0,1,0,0,0,0,0,0,1,0,1,1,1,1,0,0,0,0,0,0,0,0,0,1,0,0,0,0,0,1,0,1,0,1,1,1,0,3
1,0,0,0,0,0,0,1,0,0,0,0,1,0,1,0,0,0,0,1,0,1,1,0,0,0,1,0,1,1,1,1,1,1,1,0,0,0,0,0,0,0,0,0,0,1,0,1,0,4
1,1,1,1,1,0,1,1,0,0,0,1,0,0,0,0,0,0,0,0,0,1,1,1,1,1,1,0,0,0,0,0,0,0,0,1,0,0,0,0,0,1,0,1,0,1,1,1,0,5
0,1,1,1,1,1,0,1,0,1,0,0,0,1,1,0,0,1,0,0,0,0,1,1,1,1,1,0,1,0,0,0,0,0,1,1,0,0,0,0,0,1,0,1,1,1,1,1,0,6
0,1,1,1,1,1,1,1,0,0,0,0,1,0,0,0,0,0,1,0,0,0,0,0,1,0,0,0,0,0,1,0,0,0,0,0,0,1,0,0,0,1,0,0,1,0,0,0,0,7
0,1,1,0,1,1,0,1,0,0,0,1,0,1,1,0,0,0,0,0,1,0,1,1,1,1,1,0,1,0,0,0,0,0,1,1,0,0,0,0,0,1,1,1,1,1,0,1,0,8
0,1,1,1,1,1,0,1,0,0,0,0,0,1,1,0,0,0,0,0,1,0,1,1,1,1,1,1,0,0,0,0,0,0,1,1,0,0,0,0,0,1,0,1,1,1,1,1,0,9
0,0,1,1,1,0,0,0,1,0,0,0,1,0,1,0,0,0,0,0,1,1,0,0,0,0,0,1,1,0,0,0,0,0,1,0,1,0,0,0,1,0,0,1,1,1,1,0,0,0
0,0,0,1,0,0,0,0,0,1,1,0,0,0,0,1,0,1,0,0,0,0,0,0,1,0,1,0,0,0,0,0,0,0,0,0,0,0,1,0,0,0,0,1,1,1,1,1,0,1
0,1,1,1,1,1,1,1,0,0,0,0,0,1,0,0,0,0,0,0,1,0,1,1,1,1,1,0,1,0,0,0,0,0,0,1,0,0,0,0,0,0,1,0,1,1,1,1,1,2
0,1,1,1,1,1,0,1,0,0,1,0,0,1,0,0,0,0,1,0,1,0,1,1,1,0,1,0,0,0,0,0,0,0,1,1,0,0,1,0,0,0,0,1,1,1,1,1,0,3
1,0,0,0,0,1,0,1,0,0,0,0,1,0,1,0,0,1,0,1,0,1,0,0,0,0,1,0,1,1,1,1,1,1,1,0,0,0,0,0,1,0,0,0,0,0,0,1,0,4
1,1,1,1,1,1,1,1,0,1,0,0,0,0,1,0,0,0,0,0,1,1,1,1,1,1,1,0,0,0,0,0,0,1,1,1,0,0,0,0,0,0,0,1,1,1,1,1,0,5
0,1,1,1,1,1,0,1,1,0,0,0,0,1,1,0,0,0,0,0,0,1,1,1,1,1,1,0,1,0,0,0,0,0,0,1,0,0,0,0,1,1,0,1,1,1,1,1,0,6
1,1,1,1,1,0,1,0,0,0,0,0,1,0,0,0,0,0,1,0,0,0,0,0,1,0,0,0,0,0,1,0,0,0,0,0,0,1,0,0,0,0,0,0,1,0,0,0,0,7
0,1,1,0,1,1,0,1,0,0,1,0,0,1,1,0,0,0,1,0,1,0,1,1,1,1,1,0,1,0,0,0,0,0,1,1,0,0,0,0,0,1,0,1,1,1,1,1,0,8
0,1,1,1,1,1,0,1,0,0,0,0,0,1,1,0,0,0,0,0,1,0,1,1,1,1,1,1,1,0,0,0,0,0,1,1,0,0,0,0,0,1,0,1,1,1,1,1,0,9
0,0,1,1,1,0,0,0,1,0,0,0,1,0,1,0,0,0,0,0,1,1,0,0,0,0,0,1,1,1,0,0,0,0,1,0,1,0,0,0,1,0,0,0,1,1,1,0,0,0
0,0,0,1,0,0,0,0,1,1,1,0,0,0,0,1,0,1,0,0,0,0,0,0,1,1,0,0,1,0,0,1,0,0,0,0,0,0,1,0,0,0,0,1,1,1,1,1,0,1
0,1,1,1,1,1,0,1,0,0,0,0,0,1,0,0,0,0,0,0,1,0,1,1,1,1,0,0,1,0,0,0,0,0,0,1,0,0,0,1,0,0,1,1,1,1,1,1,1,2
0,1,1,1,1,1,0,1,0,0,1,0,0,1,0,0,0,0,0,0,1,0,1,1,1,1,1,0,0,0,0,0,0,0,1,1,0,0,0,0,0,1,0,1,1,1,0,1,0,3
1,0,1,0,1,0,0,1,0,0,0,0,1,0,1,0,0,0,0,1,0,1,0,0,0,0,1,0,1,1,1,1,1,1,1,0,0,0,0,0,1,0,0,0,0,1,0,1,0,4
1,1,1,1,1,1,1,1,0,1,0,0,0,0,1,0,0,0,0,0,0,1,1,1,1,1,1,0,0,0,0,0,0,0,1,1,0,0,0,0,0,1,0,1,1,1,1,1,0,5
0,1,1,1,1,1,0,1,0,0,0,1,0,1,1,0,1,0,0,0,0,1,1,1,1,1,1,0,1,0,0,0,0,0,1,1,0,0,0,0,0,1,0,1,1,1,1,1,0,6
1,1,1,1,1,1,0,1,0,0,0,0,1,0,0,0,0,0,1,0,0,0,0,0,1,1,0,0,0,0,1,0,0,0,0,0,0,1,0,0,0,0,0,0,1,0,0,0,0,7
0,1,1,1,1,1,0,1,0,0,1,0,0,1,1,0,0,0,0,0,1,0,1,1,1,1,1,0,1,0,0,0,0,1,1,1,0,0,0,0,0,1,1,1,1,1,1,1,0,8
0,1,1,1,1,1,0,1,0,0,0,0,0,1,1,0,0,0,0,0,1,0,1,1,1,1,1,1,0,0,1,0,0,0,1,1,0,0,0,0,0,1,0,1,1,1,1,1,0,9
0,0,0,1,1,1,0,0,1,0,0,0,1,0,1,0,0,0,0,0,1,1,0,0,1,0,0,1,1,0,0,0,0,0,1,0,1,0,0,0,1,1,0,0,1,1,0,0,0,0
0,0,0,1,0,0,0,0,0,1,1,0,0,0,0,1,0,1,0,0,0,0,0,0,0,0,0,0,0,0,0,1,1,0,0,0,0,0,1,0,0,1,0,1,1,1,1,1,0,1
0,1,1,0,1,1,0,1,0,0,0,0,1,1,0,0,0,0,0,0,1,0,1,0,1,1,1,0,1,0,0,0,0,0,0,1,0,0,0,0,0,0,1,1,1,1,1,1,1,2
0,1,1,1,1,1,1,1,0,1,1,0,0,1,0,0,0,0,1,0,1,0,1,1,1,1,1,0,0,0,0,0,0,0,1,1,0,0,0,0,0,1,0,1,1,1,1,1,0,3
1,1,0,0,0,0,0,1,0,0,0,0,1,0,1,0,0,0,0,1,0,1,0,0,0,0,1,0,1,1,1,1,1,1,1,0,0,0,0,0,1,0,0,0,0,0,0,1,0,4
1,1,1,1,1,1,1,1,0,0,0,0,0,0,1,0,0,0,0,0,1,1,1,1,1,1,0,0,0,0,0,0,0,0,1,1,0,0,0,0,0,1,0,1,1,1,1,1,0,5
0,1,0,1,1,1,0,1,0,0,0,0,1,1,1,0,0,0,0,0,0,1,1,0,0,1,1,0,1,0,0,0,0,0,1,1,0,0,0,0,0,1,0,1,1,1,0,1,0,6
1,1,1,1,1,0,1,1,0,0,0,0,1,0,0,0,0,0,1,0,0,0,0,0,1,0,0,0,0,0,1,0,0,0,0,0,0,1,1,0,0,0,0,0,1,0,0,0,0,7
0,0,1,1,1,1,0,1,0,0,0,0,1,1,1,0,0,0,1,0,1,0,0,1,1,1,1,0,1,0,0,0,0,0,1,1,0,0,0,0,0,1,0,1,1,1,1,1,0,8
0,1,1,1,1,1,0,1,0,0,0,0,0,1,1,0,0,0,0,0,1,0,1,1,1,1,1,1,1,0,0,0,1,0,1,1,0,0,0,0,0,1,0,1,1,1,1,1,0,9
0,0,1,1,1,0,0,0,0,0,0,0,1,0,1,0,0,0,0,0,1,1,0,0,0,0,0,1,1,0,0,0,0,0,1,0,1,0,0,0,1,0,0,0,1,0,1,0,0,0
0,0,0,1,0,0,0,0,1,1,1,0,0,0,0,1,0,1,0,0,0,0,0,0,1,0,0,0,0,0,0,1,0,0,0,0,0,0,1,0,0,0,0,1,1,1,1,1,0,1
0,1,0,1,1,1,0,1,0,0,0,0,0,1,1,0,0,0,0,0,1,0,1,1,1,1,1,0,1,0,0,0,0,0,0,1,0,0,0,0,0,1,1,1,1,0,1,1,1,2
0,1,1,1,1,1,0,1,0,0,0,0,0,1,0,0,0,0,0,0,1,0,1,1,1,1,1,0,0,0,0,0,0,0,0,1,0,0,0,0,0,1,0,1,1,1,1,1,0,3
1,0,0,0,0,0,0,1,0,0,0,0,1,0,1,0,0,0,0,1,0,1,0,0,0,0,1,0,1,1,1,1,1,1,1,0,0,1,0,0,1,0,0,0,0,0,1,1,0,4
1,1,1,1,0,1,1,1,0,0,0,0,0,0,1,0,0,0,0,0,0,1,1,1,0,1,1,1,0,0,0,0,0,0,1,1,0,0,0,0,0,1,0,1,0,1,1,1,0,5
0,1,1,1,1,1,0,1,0,0,0,0,0,1,1,0,0,0,0,0,0,1,1,1,1,1,1,0,1,0,0,0,0,0,1,1,0,0,0,0,0,1,0,1,1,1,1,1,0,6
1,1,1,1,1,1,1,1,0,0,0,0,1,0,0,0,0,0,1,0,0,0,0,0,0,0,0,0,0,0,0,0,0,0,0,0,0,1,0,0,0,0,0,0,1,0,0,0,0,7
0,1,1,1,1,1,0,1,0,0,0,0,0,1,1,0,0,0,0,0,1,0,1,1,1,1,1,0,1,0,0,0,0,0,1,1,0,0,0,0,0,1,0,1,1,1,1,0,0,8
1,1,1,1,1,1,0,1,0,0,0,0,0,1,1,0,0,0,0,0,1,1,1,1,1,1,1,1,0,0,0,0,0,0,1,1,0,0,0,0,0,1,0,1,0,1,1,1,0,9
0,0,1,1,1,0,0,0,1,0,0,0,1,0,1,0,0,0,0,0,1,1,0,0,0,0,0,1,1,0,0,0,0,0,0,0,1,0,0,0,1,0,0,0,1,1,1,0,0,0
0,1,0,1,0,0,0,0,0,1,1,0,0,0,0,0,0,1,0,0,0,0,0,0,1,0,0,0,0,0,1,1,0,0,0,0,0,0,1,0,0,0,0,1,1,1,1,1,0,1
0,1,0,1,1,1,0,1,0,0,1,0,0,1,0,1,0,0,0,0,1,0,0,1,1,1,1,0,1,1,0,0,0,0,0,1,0,0,0,0,0,0,1,1,1,1,1,1,1,2
0,1,1,1,1,1,0,1,0,0,0,0,0,1,0,0,0,0,0,0,1,0,1,0,1,1,1,0,0,0,0,0,0,0,1,1,0,0,0,0,0,1,0,1,1,1,1,1,0,3
1,0,0,0,0,0,0,1,0,0,0,0,1,0,1,0,0,0,0,1,0,1,0,0,0,0,1,0,1,1,1,1,1,1,1,0,0,0,0,0,1,0,0,0,0,0,0,1,0,4
1,1,1,1,1,1,1,1,0,0,0,0,0,0,1,0,0,0,0,0,0,1,1,1,0,1,1,0,0,0,0,0,1,0,1,1,0,0,0,0,0,1,0,0,1,1,1,1,0,5
0,1,1,1,1,1,0,1,0,0,0,1,0,1,1,0,0,0,0,0,0,1,1,1,1,1,1,0,1,0,0,0,0,0,0,1,0,0,0,0,1,1,0,1,1,1,1,1,0,6
1,1,1,1,1,1,1,1,0,0,0,1,1,0,0,0,0,0,1,0,0,0,0,0,1,0,0,0,0,0,1,0,0,0,0,0,0,1,0,0,0,0,0,0,1,0,0,0,0,7
0,1,1,1,1,1,0,1,0,0,0,0,0,1,1,0,0,0,0,0,1,0,1,1,1,1,1,0,1,0,0,0,0,0,1,1,0,0,0,0,0,0,0,1,1,1,0,1,0,8
0,1,1,1,1,1,0,1,0,0,0,0,0,1,1,0,0,0,0,1,1,0,1,1,1,0,1,1,1,0,0,0,0,0,1,1,0,0,0,0,0,1,0,1,1,1,0,1,0,9
0,0,1,1,1,0,0,0,0,0,0,0,1,1,1,0,0,0,0,0,1,1,1,0,0,0,0,1,1,0,0,0,0,0,1,0,1,0,0,0,1,0,0,0,1,1,1,0,0,0
0,0,0,1,0,0,0,0,0,1,1,0,0,0,0,1,0,1,0,0,0,0,0,0,1,0,0,1,0,0,0,1,0,0,0,0,0,0,1,0,1,0,0,1,1,1,1,1,0,1
0,1,1,1,0,1,0,1,0,0,0,0,0,1,0,0,0,0,0,0,1,0,1,1,1,1,1,1,1,0,0,0,0,0,0,0,0,0,0,0,0,0,1,1,1,1,1,1,1,2
0,1,1,1,1,1,0,1,0,0,0,0,0,1,0,0,0,0,0,0,1,0,1,1,1,1,1,0,0,0,0,0,0,0,1,1,0,0,0,0,0,1,0,1,1,1,1,1,0,3
1,0,0,0,0,0,0,1,0,0,0,0,1,0,1,0,0,0,0,1,0,1,0,0,0,0,1,0,1,1,1,1,1,1,1,0,0,0,0,0,1,0,0,0,0,0,0,1,0,4
1,1,1,1,1,1,1,1,0,0,0,0,0,0,1,0,0,0,0,0,0,1,1,0,1,1,1,0,0,0,0,0,0,1,1,1,0,0,0,0,0,1,0,1,0,1,1,1,0,5
0,1,1,1,1,1,0,1,0,0,0,0,0,1,1,0,0,1,0,0,0,1,1,1,1,1,1,0,1,1,0,0,1,0,1,0,0,0,0,0,1,1,1,1,1,1,1,1,0,6
1,1,1,1,1,1,1,1,0,0,0,0,1,0,0,0,0,0,1,0,0,0,0,0,1,0,0,0,0,0,1,0,0,0,0,0,0,1,0,0,0,0,0,0,1,0,0,0,0,7
0,1,1,1,1,1,0,1,1,0,0,0,0,1,1,0,0,0,0,0,1,0,1,1,1,1,1,0,1,0,0,1,0,0,0,1,0,0,0,0,0,1,0,1,1,1,1,1,0,8
0,1,1,1,1,1,0,1,0,0,0,0,0,1,1,0,0,0,0,0,1,0,1,1,1,1,1,1,0,0,0,0,0,0,0,1,0,0,0,0,0,0,0,1,1,1,1,1,0,9
0,0,1,1,1,0,0,0,1,0,0,0,1,0,1,0,0,0,0,0,1,1,0,0,1,1,0,1,1,0,0,0,0,0,1,0,1,0,0,0,1,0,0,0,1,1,1,0,0,0
0,0,0,1,0,0,0,0,0,1,1,0,0,0,0,1,0,1,0,0,0,0,0,0,1,0,0,0,0,0,0,1,0,0,0,0,0,0,1,0,0,0,0,1,1,1,1,1,0,1
0,0,1,1,1,1,0,1,0,0,0,0,0,1,0,0,0,0,0,1,1,0,1,1,1,1,1,0,1,1,0,0,0,0,1,1,0,0,0,0,0,0,1,1,1,1,1,1,1,2
0,1,1,1,1,1,0,1,0,0,0,0,0,1,0,0,0,0,0,0,1,0,1,0,1,1,1,0,0,1,0,0,0,0,1,1,0,0,0,0,0,1,0,1,1,1,1,1,0,3
1,0,0,0,0,0,0,1,0,1,0,0,0,0,1,0,0,0,0,1,0,1,0,0,0,0,1,0,1,1,1,1,1,1,1,0,0,0,0,0,1,0,0,0,0,0,0,1,0,4
1,1,1,1,1,1,1,1,1,0,0,0,0,0,1,0,0,0,0,0,0,1,1,1,1,1,1,0,0,0,0,0,0,0,1,1,0,0,0,0,0,1,0,1,1,1,1,0,0,5
0,1,1,1,1,1,0,1,0,0,0,0,0,1,1,0,1,1,0,0,0,1,1,1,1,1,1,0,1,0,0,0,0,0,1,1,1,0,0,0,0,1,0,1,1,1,1,1,0,6
1,1,1,1,1,1,1,1,0,0,0,0,1,0,0,0,0,0,1,0,0,0,0,0,1,0,0,0,0,0,1,1,0,0,0,0,0,0,0,0,0,0,0,0,1,0,0,0,0,7
0,1,1,0,1,1,0,1,0,0,0,1,0,1,1,0,0,0,0,0,1,0,1,1,1,1,1,0,1,0,0,0,1,0,1,1,0,0,0,0,0,1,0,1,1,1,1,1,0,8
0,1,1,1,1,1,0,1,0,0,0,0,0,1,1,0,0,0,0,0,1,0,1,1,1,1,1,1,1,0,0,0,0,0,1,1,0,0,0,0,0,1,0,1,1,1,1,1,0,9
1,0,1,1,1,0,0,0,1,0,0,0,1,0,1,0,0,0,0,0,1,1,0,0,0,0,0,1,1,0,0,0,0,0,1,0,1,0,0,0,1,0,0,0,0,1,1,1,0,0
0,0,0,1,0,1,0,0,0,1,1,0,0,0,0,1,0,1,0,0,0,0,1,0,1,0,0,0,0,0,0,1,0,0,0,0,0,0,1,0,0,1,0,1,1,1,1,1,0,1
0,1,1,0,1,1,0,1,0,0,0,0,0,1,1,0,0,0,0,0,1,0,1,0,1,1,1,0,1,0,0,0,0,0,0,1,0,0,0,0,0,0,1,1,1,1,1,1,1,2
0,1,1,1,1,1,0,1,0,0,0,0,0,1,0,0,0,0,0,0,1,0,1,1,1,1,1,0,0,0,0,0,0,0,1,1,0,0,0,0,0,1,0,1,1,1,1,1,0,3
1,0,0,0,0,1,0,1,0,0,0,0,1,0,1,0,0,0,0,1,0,1,0,0,0,0,1,0,1,1,1,1,1,1,0,0,0,0,0,0,1,0,0,0,0,0,0,1,0,4
1,1,1,1,1,1,1,1,0,1,0,0,0,0,0,0,0,0,0,0,0,1,1,1,1,1,1,0,0,0,0,0,0,0,1,1,0,0,0,0,0,1,0,1,1,1,1,1,0,5
0,1,1,1,1,1,0,1,0,0,0,0,0,1,1,0,0,0,0,0,0,1,1,1,1,1,1,0,0,0,0,0,0,1,1,1,0,0,0,1,0,1,0,1,1,1,1,1,0,6
1,1,1,1,1,1,1,1,0,0,0,0,1,0,0,0,0,0,1,0,0,0,0,0,1,0,0,0,0,0,1,0,0,0,0,0,0,1,0,0,0,0,1,0,1,0,0,0,0,7
0,1,1,1,1,1,0,1,0,0,0,0,0,1,1,0,0,0,0,0,1,0,1,1,1,1,1,0,1,1,0,0,0,0,1,1,0,0,0,0,1,1,0,0,1,1,1,1,0,8
1,1,1,1,1,1,0,1,0,0,0,0,0,1,1,0,0,0,0,0,1,0,1,1,0,1,1,1,0,0,0,0,0,0,1,0,0,0,0,0,0,1,0,1,1,1,1,1,0,9
0,0,1,1,1,0,0,0,1,0,0,0,1,0,1,0,0,0,0,0,1,1,0,0,0,0,0,1,1,1,1,0,0,0,1,0,1,0,0,0,1,0,0,0,1,1,1,0,0,0
0,0,1,1,0,0,0,0,0,1,1,0,0,0,0,1,0,1,0,0,1,0,0,0,1,0,0,0,0,0,0,1,0,0,0,0,0,0,1,0,0,0,0,1,1,1,1,1,0,1
0,1,1,1,1,1,1,1,0,0,0,0,0,1,0,0,0,0,0,0,1,0,1,1,1,1,1,0,1,1,0,0,0,0,0,1,0,0,0,0,0,0,1,1,1,1,1,1,1,2
0,1,1,1,1,1,0,1,0,0,0,0,0,1,0,0,0,0,0,0,1,0,0,1,1,1,1,0,0,0,0,0,0,0,1,0,0,1,0,0,0,1,1,1,1,1,1,1,0,3
1,0,0,0,0,0,0,1,0,0,0,0,1,0,1,0,0,0,0,1,0,1,0,0,0,0,1,0,1,1,1,1,1,1,1,0,0,0,0,0,1,0,0,0,0,0,0,1,0,4
1,1,1,1,1,0,1,1,0,0,0,0,0,0,1,0,0,0,0,0,0,1,1,1,1,1,1,0,0,0,0,0,0,0,1,1,0,0,0,0,0,1,0,1,1,1,0,1,0,5
0,1,1,0,1,1,1,1,0,0,0,0,0,1,1,0,0,0,0,0,0,1,1,1,1,1,1,0,1,0,0,0,0,0,1,1,0,0,0,0,0,1,0,0,1,1,1,0,0,6
1,1,1,1,1,1,1,1,0,0,0,0,0,0,0,0,0,0,1,0,0,0,0,0,1,0,0,0,0,0,1,0,0,0,0,0,0,1,0,0,0,0,0,0,1,0,0,0,0,7
0,1,1,1,1,1,0,1,0,0,0,0,0,0,1,0,0,0,0,0,1,0,1,1,1,1,1,0,1,0,0,0,0,0,1,1,0,0,0,0,0,1,0,1,1,1,1,0,0,8
0,1,1,0,1,1,0,1,0,0,0,0,0,1,1,0,0,0,0,0,1,0,1,1,1,1,1,1,0,0,0,0,0,0,1,1,0,0,0,0,0,1,1,1,1,1,0,1,0,9
0,0,1,1,0,0,0,0,1,0,0,0,1,0,1,0,0,0,0,1,1,0,1,0,0,0,0,1,1,0,0,0,0,0,1,0,1,0,0,0,1,0,0,0,1,1,1,0,0,0
0,0,1,1,0,0,0,0,0,1,1,0,0,0,0,0,0,1,0,0,0,0,0,1,1,0,0,0,0,0,0,1,0,0,0,0,0,0,1,0,0,0,0,1,0,1,1,1,0,1
0,1,1,1,1,1,0,1,0,0,0,0,0,0,0,0,0,0,0,0,1,0,1,1,1,1,1,0,0,0,0,0,0,0,0,1,0,0,0,0,1,0,1,0,1,1,1,1,1,2
0,1,1,0,1,1,1,1,0,0,0,0,0,1,0,0,0,0,0,0,1,0,1,1,1,0,1,0,0,0,0,0,0,1,1,1,0,0,0,0,0,1,0,1,1,1,1,1,0,3
1,0,0,0,0,0,0,1,0,0,0,0,1,0,0,0,0,0,0,1,0,1,0,0,1,0,1,0,1,1,1,1,0,1,1,0,0,0,0,0,1,0,0,0,0,0,0,1,0,4
1,1,1,1,1,1,1,1,0,1,0,0,0,0,1,0,0,0,0,0,0,1,1,1,1,1,1,0,0,0,0,1,0,0,1,1,0,0,0,0,0,1,0,1,1,1,1,1,0,5
0,1,1,1,1,1,0,1,0,0,0,0,0,1,1,0,0,0,0,0,0,1,1,1,1,1,1,0,1,0,0,0,0,0,1,0,0,0,0,0,0,1,0,1,1,1,1,1,0,6
1,1,1,1,1,1,1,1,0,0,0,0,1,0,0,0,0,1,1,0,0,0,0,0,1,1,0,0,0,0,1,0,0,0,0,0,0,1,1,0,0,0,1,0,1,0,0,0,0,7
0,1,1,1,1,1,0,1,0,0,0,0,0,1,0,0,0,1,0,0,1,0,1,1,1,1,1,0,1,0,0,0,0,0,1,1,0,0,0,0,0,1,0,1,1,1,1,1,0,8
1,1,1,1,1,1,0,1,0,0,0,0,0,1,1,0,0,1,1,0,1,1,1,1,1,1,1,1,0,0,0,0,0,0,1,1,0,0,0,0,0,1,0,1,1,1,1,0,0,9
0,0,1,1,1,0,0,0,1,0,0,0,1,0,1,0,0,0,0,0,1,1,1,0,0,0,0,1,1,0,0,0,0,0,1,0,1,0,0,0,1,0,0,0,1,1,1,0,0,0
0,0,0,1,0,0,0,0,0,1,1,0,0,0,0,1,0,1,0,0,0,0,0,0,1,0,0,0,0,0,0,1,0,0,0,0,0,0,1,0,0,0,0,1,1,1,1,1,0,1
0,1,1,1,1,1,0,1,0,0,0,0,0,1,0,1,0,0,0,0,1,0,1,1,1,1,1,0,1,0,0,0,1,0,0,1,0,0,0,0,1,0,1,1,1,1,1,1,1,2
0,1,1,1,1,1,0,1,0,0,0,0,0,1,0,0,1,0,0,0,1,0,0,1,1,1,1,0,0,0,0,0,0,0,1,1,0,0,0,0,0,1,0,1,1,1,1,0,0,3
1,0,0,0,0,0,0,1,0,0,1,0,1,0,1,0,0,0,1,1,0,1,0,0,0,0,1,0,1,1,1,1,1,1,1,0,0,0,0,0,1,1,0,0,0,0,0,1,0,4
1,0,1,0,1,0,1,1,0,0,0,0,0,0,1,0,0,0,0,0,0,1,1,1,1,1,1,1,0,0,0,0,0,0,1,1,0,0,0,0,0,0,0,1,1,1,1,1,0,5
0,1,1,1,1,1,0,1,0,0,0,0,0,1,1,0,0,0,1,0,0,1,1,1,1,1,1,0,1,0,0,0,0,0,1,1,0,0,0,0,0,1,0,1,1,1,1,1,0,6
1,1,1,1,1,1,1,1,0,0,0,0,1,0,0,0,0,0,1,0,0,0,0,0,1,0,0,0,0,0,1,0,0,1,0,0,0,1,0,0,0,1,0,1,1,0,0,0,0,7
0,1,1,1,1,1,1,1,0,0,0,0,0,1,0,0,0,0,0,0,1,0,1,1,1,1,1,0,1,0,0,0,0,0,1,1,0,0,0,0,0,1,0,1,0,1,1,1,0,8
0,1,1,1,1,1,0,1,0,0,0,0,1,1,1,0,0,0,0,0,1,0,1,1,1,1,1,1,0,0,0,0,0,0,1,1,1,0,0,0,0,1,0,1,1,1,1,1,0,9
0,0,1,1,1,0,0,0,1,0,0,0,1,0,1,0,0,0,0,0,1,1,0,0,0,0,0,1,1,0,0,0,1,0,1,0,1,0,0,0,1,0,0,0,1,1,1,0,0,0
0,0,0,1,0,0,0,0,0,1,1,0,0,0,0,1,0,1,0,0,0,0,0,1,1,0,0,0,0,0,0,1,0,0,0,0,0,0,1,0,0,0,0,1,1,1,1,1,0,1
0,1,1,1,1,1,0,1,0,0,0,0,0,1,0,0,0,0,0,0,1,0,1,1,1,1,1,0,1,0,0,0,0,0,0,1,0,0,0,0,0,0,1,1,1,1,1,1,1,2
0,1,1,1,1,1,0,1,0,0,0,1,0,1,0,0,0,0,0,0,1,0,1,1,1,1,1,0,0,0,0,0,0,0,1,1,0,0,0,1,0,1,0,1,1,1,1,1,0,3
1,0,0,0,0,0,0,1,0,0,0,0,1,0,1,0,0,0,0,1,0,1,0,0,0,0,1,0,1,1,1,1,1,1,1,0,0,0,0,0,1,0,0,0,0,0,0,1,0,4
1,1,1,1,1,1,1,1,0,0,0,0,0,0,1,0,0,0,0,0,0,1,1,1,1,1,0,0,0,0,0,0,0,0,0,1,0,0,0,0,0,1,0,1,0,1,1,1,0,5
0,1,1,1,1,1,0,1,0,0,0,0,0,1,1,0,1,0,0,0,0,1,1,1,1,0,1,1,1,0,0,0,0,0,1,1,0,0,1,0,0,1,0,1,1,1,1,1,0,6
1,1,1,1,0,1,1,1,0,1,0,0,1,1,0,0,0,0,1,0,0,1,0,0,0,0,0,0,0,0,1,0,0,0,0,1,0,1,0,0,0,0,0,0,1,0,0,0,0,7
0,1,1,1,1,1,0,1,0,0,0,0,0,1,1,0,0,0,0,0,1,0,1,1,1,1,1,0,1,0,0,0,0,0,1,1,0,0,0,0,0,1,0,1,1,1,1,1,0,8
0,1,1,1,1,1,0,1,0,0,0,0,0,1,1,0,0,0,0,0,1,0,1,1,1,0,1,0,0,0,0,0,0,0,1,1,0,0,0,0,0,1,0,1,1,1,1,1,0,9
0,0,1,1,1,0,0,0,1,0,0,0,0,0,1,0,0,0,0,0,1,1,0,0,0,0,0,1,1,0,0,0,0,0,1,0,0,0,0,0,1,0,0,0,1,1,1,1,0,0
0,0,0,1,0,0,0,0,0,1,1,0,0,0,0,0,0,1,0,0,0,0,0,0,1,0,0,0,0,0,0,1,0,0,0,0,0,0,1,0,0,0,0,1,1,1,1,1,0,1
0,1,1,1,1,1,1,1,0,0,0,0,0,1,0,0,0,0,0,0,1,0,1,1,1,1,1,0,1,0,0,0,0,0,0,1,0,1,0,0,0,0,1,1,1,0,1,1,1,2
1,1,1,1,1,0,0,1,0,0,0,0,1,1,0,0,0,0,0,0,1,0,1,1,1,1,1,0,0,0,0,0,1,0,0,1,0,0,0,0,0,1,1,1,1,1,1,1,0,3
1,0,0,0,0,0,0,1,0,0,0,0,1,0,1,0,0,0,0,1,0,0,0,0,0,0,1,0,1,1,1,1,1,1,1,0,0,0,0,0,1,0,0,0,0,0,0,0,0,4
1,1,1,1,1,1,1,1,0,0,0,0,0,0,1,0,0,0,0,0,0,1,1,1,1,1,1,0,0,0,0,0,0,0,1,1,0,0,0,0,0,1,0,1,1,1,1,1,0,5
0,1,1,1,1,1,0,1,0,0,0,0,0,1,1,0,0,0,0,0,0,1,1,1,1,0,1,0,1,0,0,0,0,0,0,1,0,0,0,0,0,1,0,1,1,1,1,1,0,6
1,1,1,1,1,1,1,1,0,0,0,0,1,0,0,0,0,0,1,0,0,0,0,1,1,0,0,1,0,0,1,0,1,0,0,0,0,1,0,0,0,0,0,0,1,0,0,0,0,7
1,1,1,1,1,1,1,1,0,0,0,0,0,1,1,0,0,0,0,0,1,0,1,1,1,1,1,0,1,0,0,0,0,0,1,1,0,0,0,1,1,1,0,1,1,1,1,1,0,8
0,1,1,1,1,1,0,1,0,0,0,0,0,1,1,0,0,0,0,0,0,0,1,1,1,1,1,1,0,0,0,0,0,0,1,1,0,0,0,0,0,1,0,1,1,1,1,1,0,9
0,0,1,1,1,0,0,0,1,0,0,0,1,0,1,0,0,0,0,0,1,1,0,0,1,0,0,1,1,0,0,0,0,0,1,0,1,0,0,0,1,0,0,0,1,1,1,1,0,0
0,0,0,1,0,0,0,0,1,0,1,0,0,0,0,1,0,1,0,0,0,0,0,0,1,0,0,0,0,0,0,1,0,0,0,0,1,0,1,0,0,0,0,1,1,1,1,1,0,1
0,1,1,1,0,1,0,1,0,0,0,0,0,1,0,0,0,0,0,1,1,0,1,1,1,1,1,0,1,0,0,0,0,0,0,0,0,0,0,0,0,0,1,1,1,1,1,1,1,2
0,1,1,1,1,1,0,1,0,0,0,0,0,1,0,0,0,0,0,0,1,0,1,1,1,1,1,0,0,0,0,0,0,0,1,1,0,0,0,0,0,1,0,1,1,1,1,1,0,3
1,0,0,0,0,0,0,1,1,0,0,0,1,0,1,0,0,0,0,0,0,1,0,0,0,0,1,0,1,1,1,1,1,1,1,0,0,0,0,0,1,0,0,0,0,0,0,1,0,4
1,0,0,1,1,1,1,1,0,0,0,0,0,0,1,0,0,0,0,0,0,1,1,1,1,1,1,0,0,0,1,0,0,0,1,1,0,0,0,1,0,1,0,1,1,1,1,1,0,5
0,1,1,1,1,1,0,1,0,0,0,0,0,1,1,0,0,0,0,0,0,1,1,1,1,0,1,0,1,0,0,0,0,0,1,1,0,0,0,0,0,1,0,1,1,1,1,1,0,6
1,1,1,1,1,1,1,1,1,0,0,0,1,0,0,0,0,0,1,0,0,0,0,0,1,0,0,0,0,0,1,0,0,0,0,0,0,1,0,0,0,0,0,0,1,0,0,0,0,7
0,1,1,1,1,1,0,1,0,0,0,0,0,1,1,0,0,0,0,0,1,0,1,1,1,1,1,0,1,0,0,0,0,0,1,1,0,0,0,0,0,1,0,1,1,1,1,1,0,8
0,1,1,1,1,1,0,1,0,0,0,0,0,1,1,0,0,0,0,0,1,0,1,0,1,1,1,1,0,0,0,1,0,0,1,1,0,0,0,0,0,1,0,1,0,1,1,1,0,9
0,0,1,1,1,0,0,0,1,1,0,0,1,0,1,0,0,0,0,0,1,1,0,0,0,0,0,1,1,0,0,0,0,0,0,0,1,0,0,0,1,0,0,0,1,1,1,0,0,0
0,0,0,1,0,0,0,0,0,1,1,0,0,1,0,1,0,1,0,0,0,0,0,0,1,0,0,0,0,0,0,1,1,0,0,0,0,0,1,0,0,0,0,1,1,1,1,1,0,1
0,1,1,1,1,1,0,1,0,0,0,0,0,1,0,0,0,0,0,0,1,0,1,1,1,1,1,1,1,0,0,0,0,0,0,1,0,0,0,0,0,0,1,1,1,1,1,1,1,2
0,1,1,1,1,1,0,1,0,0,0,0,0,1,0,0,0,0,0,1,1,0,0,1,1,1,1,0,0,0,0,1,0,0,1,1,0,0,0,0,0,0,0,1,1,1,1,1,0,3
1,0,0,0,0,0,0,1,0,0,0,0,1,0,1,0,1,0,0,1,0,1,0,0,0,0,1,0,1,1,1,1,1,1,0,0,0,1,0,0,1,0,0,0,0,0,0,1,0,4
1,1,1,1,1,1,1,1,0,0,0,0,0,0,1,0,0,0,0,0,0,1,1,1,1,1,1,0,0,0,0,0,0,0,1,1,0,0,0,0,0,1,0,0,1,1,1,1,0,5
0,1,1,1,1,1,0,1,0,0,0,0,0,1,1,0,0,0,0,0,1,1,1,1,1,1,1,0,1,0,0,0,1,0,1,1,0,0,0,0,0,1,1,1,1,1,1,1,0,6
0,1,1,1,1,1,1,1,1,0,0,0,1,0,0,0,1,0,1,0,0,0,0,0,1,0,0,0,0,0,1,0,0,0,0,0,0,1,0,0,0,0,0,0,1,0,0,0,0,7
0,1,1,1,1,1,0,1,0,0,0,0,0,1,1,0,0,0,0,0,1,0,1,1,1,1,1,0,1,0,0,1,0,0,1,1,0,0,0,0,0,1,0,1,0,1,1,1,0,8
0,1,1,1,1,1,0,1,0,0,0,0,0,1,1,0,0,0,0,0,1,0,1,1,1,1,1,1,0,0,0,1,0,0,1,1,0,0,0,0,0,1,0,1,1,1,1,1,0,9
0,0,0,1,1,0,0,0,1,0,0,0,1,0,1,0,0,0,0,0,1,1,0,0,0,0,0,1,1,0,0,0,0,0,1,0,1,0,0,0,1,0,0,0,1,1,1,0,0,0
0,0,0,1,0,0,0,0,0,1,1,0,0,0,0,1,0,1,0,0,0,0,0,0,1,0,0,1,0,0,0,1,0,0,0,0,0,0,1,0,1,0,0,1,1,1,1,1,0,1
0,1,1,1,1,1,1,1,0,0,0,0,0,1,0,0,0,0,0,0,1,0,1,1,1,1,1,0,1,0,0,1,0,0,0,1,0,1,0,0,0,1,1,1,1,1,1,1,1,2
1,1,1,1,1,1,0,1,0,1,0,0,0,1,0,0,0,0,0,0,1,0,1,1,1,1,1,1,0,0,0,0,0,0,1,1,0,0,1,0,0,1,0,1,1,0,1,1,0,3
1,0,0,0,0,0,1,1,0,0,0,0,1,0,1,0,0,0,0,1,1,1,0,0,0,0,1,0,1,1,1,1,1,1,1,0,0,0,0,0,1,0,0,0,0,0,0,1,0,4
1,1,1,1,1,1,1,1,0,0,0,0,0,0,1,0,0,0,0,0,1,1,1,1,1,1,1,0,0,0,0,0,0,0,1,1,0,0,0,0,0,1,0,1,1,1,1,1,0,5
0,1,1,1,1,1,0,1,0,0,0,0,0,1,1,0,0,0,0,0,1,1,1,1,1,1,1,0,1,0,0,0,0,1,1,1,0,0,0,0,0,1,0,1,1,0,0,1,0,6
1,1,1,1,1,1,1,1,0,0,0,0,1,0,0,0,0,0,1,0,0,0,0,0,1,0,0,0,0,0,1,0,0,0,0,0,0,1,0,1,0,0,0,0,1,1,0,0,0,7
0,1,1,1,1,1,0,1,0,0,0,0,0,1,0,0,0,0,0,0,1,0,1,1,1,1,1,0,0,0,1,0,0,0,1,1,0,0,0,0,0,1,0,1,1,1,1,1,0,8
0,1,1,1,1,1,0,1,0,0,0,0,0,1,1,0,0,0,0,0,1,0,1,1,1,1,1,1,0,0,0,0,0,1,1,1,0,0,0,0,0,1,0,1,1,1,1,1,0,9
0,0,0,1,1,0,0,0,1,0,0,0,1,0,1,0,0,0,0,1,1,1,0,0,0,0,0,1,1,0,0,0,0,0,1,0,1,0,0,0,1,0,0,0,0,1,1,0,0,0
0,0,0,1,0,0,1,0,0,1,1,0,0,0,0,1,0,1,0,1,0,0,0,0,1,0,0,0,0,0,0,1,0,0,0,0,0,0,1,0,0,0,0,1,1,1,1,1,0,1
0,1,1,1,1,1,0,1,0,0,0,0,0,1,0,0,0,0,0,0,1,0,1,1,1,1,1,0,1,0,0,0,0,0,0,1,0,0,0,1,0,0,1,1,1,1,1,1,1,2
0,1,1,1,1,1,0,1,0,0,0,0,0,1,0,0,0,0,0,0,1,0,1,0,1,1,1,0,0,0,1,0,0,0,1,1,0,0,0,0,0,1,0,1,1,1,1,1,0,3
1,0,0,0,0,0,0,1,0,0,0,0,1,0,1,0,0,0,0,1,0,1,0,0,0,0,1,0,1,1,1,1,1,1,1,0,1,0,0,0,0,0,0,0,0,0,0,1,0,4
1,1,1,0,1,1,1,1,0,0,0,0,0,0,1,0,0,1,0,0,0,1,1,1,1,1,1,0,0,0,0,0,1,0,1,1,0,0,0,0,0,0,0,1,1,1,1,1,0,5
0,1,1,1,1,1,0,1,0,0,0,0,0,1,1,0,0,0,1,0,1,1,1,1,1,1,1,0,1,0,0,0,0,0,1,0,0,0,0,0,0,1,0,1,1,1,1,0,0,6
1,1,1,1,1,1,1,1,0,0,0,0,1,0,0,0,0,0,1,0,0,0,0,0,1,0,0,0,0,0,1,0,1,0,0,0,0,1,0,0,0,0,0,0,1,0,0,0,0,7
0,1,1,1,1,1,0,1,0,0,0,0,0,1,1,0,0,0,0,0,1,0,1,1,1,1,1,0,1,0,0,0,0,0,1,1,0,1,0,0,0,1,0,1,1,1,1,1,0,8
0,1,1,1,1,1,1,1,0,0,0,0,0,1,1,0,0,0,0,0,1,0,1,1,1,1,1,1,0,0,0,0,0,0,1,1,0,0,0,0,0,1,0,1,1,1,1,1,0,9
0,0,1,1,1,0,0,1,1,1,0,0,0,0,1,0,0,0,0,0,1,1,0,0,0,0,0,1,1,1,0,0,0,0,1,0,1,0,1,0,1,0,1,0,1,1,1,0,0,0
0,0,0,1,0,0,0,0,0,1,1,0,0,0,0,1,0,1,0,0,0,0,0,0,1,1,0,0,0,0,0,1,0,1,0,0,0,0,1,0,0,0,0,1,1,1,1,1,0,1
0,0,1,1,1,1,0,1,0,0,0,0,0,1,0,0,0,0,0,0,1,0,1,1,1,1,1,0,1,0,0,0,0,0,0,1,0,1,0,0,0,0,1,1,0,1,1,1,1,2
0,1,1,1,1,1,0,1,0,0,0,0,0,1,0,0,0,0,0,0,1,0,1,1,1,1,1,0,0,0,0,0,0,0,1,1,0,0,0,0,0,1,1,1,1,1,1,1,0,3
0,0,0,0,0,0,0,1,0,1,0,0,1,0,1,0,0,0,1,1,0,1,0,0,0,0,1,0,1,1,1,1,1,1,1,0,0,1,0,1,1,0,0,0,0,0,0,1,0,4
1,1,1,1,1,1,1,1,0,0,0,0,0,0,1,0,0,0,0,0,1,1,1,1,1,1,1,0,0,0,0,0,0,0,1,1,0,0,1,0,0,1,1,1,1,1,1,1,0,5
0,1,1,1,1,1,0,1,0,0,0,0,0,1,1,1,0,0,1,0,0,1,1,1,1,1,1,0,1,0,0,1,0,0,1,1,0,0,0,0,0,1,0,1,0,1,0,1,0,6
1,1,1,1,1,1,1,1,0,0,0,0,1,0,0,0,0,0,1,0,0,0,0,0,1,0,0,0,1,1,1,0,1,0,0,0,0,0,0,0,0,0,0,0,1,0,0,0,0,7
0,1,1,1,1,1,0,1,0,0,0,0,0,1,1,0,0,0,0,0,1,0,1,1,1,1,1,0,1,0,0,0,0,1,1,1,0,0,0,0,0,1,0,1,1,1,1,1,0,8
0,1,1,1,1,1,0,1,0,0,0,0,0,1,1,0,0,0,0,0,1,0,1,1,0,1,1,1,0,0,0,0,0,0,1,1,0,0,0,1,0,1,0,1,1,1,1,1,0,9
1,0,1,1,1,0,0,0,1,0,0,0,1,0,1,0,0,0,0,0,1,1,0,0,0,0,0,1,1,0,0,0,0,0,1,0,1,0,0,0,1,0,0,0,1,1,1,0,0,0
0,0,0,1,0,0,0,0,0,1,1,0,0,0,0,1,0,1,0,0,0,0,0,0,1,0,0,0,0,0,0,1,0,0,0,0,0,0,1,0,0,0,0,1,1,0,1,1,0,1
0,1,1,1,1,1,0,1,0,0,0,0,1,1,0,0,0,0,0,0,1,0,1,1,1,1,1,0,0,1,0,0,0,0,0,1,0,0,0,0,0,0,1,1,1,0,1,1,1,2
0,1,1,1,1,1,1,1,0,1,0,0,0,1,0,1,1,0,0,1,1,0,1,1,0,1,1,0,0,0,0,0,1,0,1,1,0,0,0,0,0,1,0,1,1,1,1,1,0,3
1,0,0,0,0,0,0,1,0,0,0,0,1,0,1,0,0,0,0,1,0,1,0,0,0,0,1,0,1,1,1,1,1,1,0,0,0,1,0,0,1,0,0,0,0,0,0,1,0,4
1,1,1,1,1,1,1,1,0,0,0,1,0,0,1,0,0,0,0,0,0,1,1,1,1,1,1,0,0,0,0,0,0,0,1,1,0,0,0,0,0,1,0,1,1,1,1,0,0,5
0,1,1,1,1,1,0,1,0,0,0,0,0,1,1,0,0,0,0,0,0,1,1,1,1,1,1,0,1,0,1,0,0,0,1,1,0,0,0,0,0,1,0,1,1,1,0,1,0,6
1,1,1,1,1,1,1,0,0,0,0,0,1,0,0,0,0,0,1,0,0,0,0,0,1,1,0,0,0,1,1,0,0,0,0,0,0,1,0,0,0,0,0,0,1,0,0,0,0,7
0,1,1,1,1,1,0,1,0,0,0,0,0,1,1,0,0,0,0,0,1,0,1,1,1,1,1,0,1,0,0,0,0,0,1,1,0,0,0,0,0,1,0,1,1,1,1,1,0,8
0,1,1,1,1,1,0,1,0,0,0,0,0,1,1,0,0,0,0,0,1,0,1,1,1,1,1,1,0,0,0,0,0,0,1,1,0,0,0,0,0,1,0,1,1,1,1,1,0,9
0,0,1,1,1,0,0,0,1,0,0,0,1,0,1,0,0,0,0,0,1,1,0,0,0,0,0,1,1,0,0,0,0,0,1,0,1,0,0,0,1,0,0,0,1,1,1,0,0,0
0,0,0,1,0,0,0,0,0,1,1,1,0,0,1,1,0,1,0,0,0,0,0,0,1,0,0,0,0,0,0,0,0,0,0,0,0,0,1,0,0,1,0,1,1,1,1,1,0,1
0,1,1,1,1,1,1,1,0,0,0,0,0,1,0,0,0,0,0,0,1,0,1,1,1,1,1,0,1,0,0,0,0,0,0,1,0,0,0,0,0,0,1,1,1,1,1,1,1,2
0,1,1,0,1,1,0,1,0,0,1,0,0,1,0,0,0,0,0,0,1,0,1,1,1,1,1,0,0,0,0,0,0,0,1,1,0,0,0,0,0,1,0,1,1,1,1,1,0,3
1,0,0,0,0,0,0,1,0,0,1,0,1,0,1,0,0,0,0,1,0,1,0,0,0,0,1,0,0,1,1,1,1,0,1,0,0,0,0,0,1,0,0,0,1,0,0,1,0,4
1,1,1,1,1,1,1,1,0,0,0,0,0,0,1,0,0,0,1,0,0,1,1,1,1,1,1,0,0,0,0,0,0,0,1,1,0,0,1,0,0,1,1,1,1,1,1,1,0,5
0,1,1,1,1,1,0,1,1,0,0,0,0,1,1,0,0,1,0,0,0,1,1,1,1,1,1,1,1,0,0,0,0,0,1,1,0,0,0,0,0,1,0,1,1,1,1,1,0,6
1,1,1,1,1,1,1,1,0,0,0,0,1,0,0,0,0,0,1,0,0,0,0,0,1,0,0,0,0,0,1,0,0,0,0,0,0,1,0,0,0,0,0,0,1,0,0,0,0,7
0,1,1,1,0,1,0,1,0,0,0,0,0,1,1,0,0,0,0,1,1,1,1,1,1,1,1,0,1,0,0,0,0,0,1,1,0,0,0,0,0,1,1,1,1,1,1,1,0,8
0,1,1,1,1,1,0,1,0,0,0,0,0,0,1,0,0,0,0,0,1,0,1,1,1,1,1,1,0,0,0,0,0,0,1,1,0,0,0,0,0,1,0,1,1,1,1,1,0,9
0,0,1,1,1,0,0,0,1,0,0,0,1,0,1,0,0,0,0,0,1,1,0,0,0,0,0,1,0,0,0,0,0,0,1,0,1,0,1,0,1,0,0,0,1,0,1,0,0,0
0,0,0,0,0,0,0,0,0,1,0,0,0,0,0,1,0,0,0,0,1,0,0,0,1,0,0,0,0,0,0,1,0,0,0,0,0,1,1,0,1,0,0,1,1,1,1,1,0,1
0,1,0,1,1,1,1,1,0,0,0,0,0,1,0,0,0,0,0,0,1,0,1,1,1,1,0,0,1,0,0,0,0,0,0,1,0,0,0,0,0,0,1,0,1,1,1,1,1,2
0,1,1,1,1,1,0,1,0,0,0,0,0,1,0,0,0,0,0,0,1,0,1,1,1,1,1,0,0,0,1,0,0,0,1,1,0,0,0,0,0,1,0,1,1,1,1,1,0,3
1,0,0,0,0,0,0,1,0,0,0,0,1,0,1,0,0,0,0,1,0,1,0,0,0,0,1,0,1,1,1,1,1,1,1,0,0,0,0,0,1,0,0,0,0,0,0,1,0,4
1,1,1,1,1,1,1,0,0,0,0,0,0,0,1,0,0,0,0,0,0,1,1,1,1,1,1,0,0,0,0,0,0,0,1,1,0,0,0,0,0,1,0,1,1,1,1,1,0,5
0,1,1,1,1,1,0,1,0,0,0,0,0,1,1,0,0,1,0,0,0,1,1,1,1,1,1,0,1,0,0,0,0,0,1,1,0,0,0,0,0,1,0,1,1,1,1,0,0,6
1,1,1,1,1,1,1,1,0,0,0,0,1,0,0,0,0,0,1,0,0,0,0,0,1,0,0,0,0,0,1,0,0,0,0,0,0,1,0,0,0,0,0,0,0,0,0,0,0,7
0,1,1,1,1,1,0,1,0,0,0,0,0,1,1,0,0,0,0,0,1,0,1,1,1,1,1,0,0,0,0,0,0,0,1,1,0,0,0,0,0,1,0,1,1,1,1,1,0,8
0,0,1,1,1,1,0,1,0,0,0,0,1,1,1,0,0,0,0,0,1,0,1,1,1,1,1,1,0,0,0,1,0,0,0,1,0,0,0,0,0,1,0,1,1,1,1,1,0,9
0,0,0,1,1,0,0,0,1,0,0,0,1,0,1,0,1,0,0,0,1,0,0,0,0,0,0,1,1,1,0,0,0,0,1,0,1,1,0,0,1,0,0,0,1,1,1,0,0,0
0,0,0,1,0,0,0,0,1,1,1,0,0,0,0,1,0,1,0,0,0,0,0,0,1,0,0,0,0,0,0,1,0,0,0,0,0,1,1,0,0,0,0,1,1,1,1,1,0,1
0,1,1,1,0,1,0,1,0,0,0,0,1,1,0,0,0,1,0,0,1,0,1,1,1,1,1,0,1,0,0,0,0,0,1,1,0,0,0,0,0,0,1,1,1,1,1,1,1,2
0,1,1,1,1,1,0,1,0,0,0,0,0,1,0,0,0,0,0,0,1,0,1,1,1,1,0,0,0,0,0,0,0,0,1,1,0,0,0,0,0,0,0,1,1,1,1,1,0,3
1,0,0,0,0,0,0,1,0,0,0,0,1,0,1,0,0,0,0,1,0,1,0,0,0,0,1,0,1,1,1,1,1,1,1,0,0,0,0,1,1,0,0,0,0,0,0,1,0,4
1,1,1,0,1,1,1,1,0,0,0,0,0,0,1,0,0,0,0,0,0,1,1,1,1,1,1,0,0,0,0,0,0,0,1,1,0,0,0,1,0,0,0,1,1,1,1,1,0,5
0,1,1,1,1,1,0,1,0,0,1,0,0,1,1,0,0,0,0,0,0,1,1,1,1,1,1,0,1,0,0,0,0,0,1,1,0,0,0,0,0,1,0,1,1,1,1,1,0,6
1,1,1,1,1,1,1,1,0,0,0,0,1,0,0,0,0,0,1,0,0,0,0,0,1,0,0,0,0,0,1,0,0,0,0,0,0,1,0,0,0,0,0,0,1,0,0,0,0,7
0,1,1,1,1,1,0,1,0,0,0,0,0,1,1,0,0,0,0,0,1,0,1,1,1,1,1,0,1,0,0,0,1,0,0,1,1,0,0,0,0,0,0,1,1,1,1,1,0,8
0,1,1,1,1,1,0,1,0,0,0,0,0,1,1,0,0,0,0,0,1,0,1,1,1,1,1,1,0,0,0,0,0,0,1,1,0,0,0,0,0,1,0,1,1,1,0,1,0,9
1,0,1,1,1,0,0,0,1,0,0,0,1,0,1,0,0,0,0,0,1,1,0,0,1,0,0,1,1,0,0,0,0,0,1,0,1,0,0,0,1,0,0,0,1,1,1,0,0,0
0,1,1,0,0,0,0,0,0,1,1,0,0,0,0,1,0,1,0,0,0,0,0,0,1,0,0,0,0,0,0,1,0,0,0,0,0,0,1,0,0,0,0,1,1,1,1,1,0,1
0,1,1,1,1,1,0,1,0,0,0,0,0,1,1,0,0,0,0,0,1,0,1,1,1,1,1,0,1,1,0,0,0,0,0,1,0,0,0,0,0,0,1,1,1,1,1,1,1,2
0,1,1,1,1,1,0,1,0,0,0,0,0,1,0,0,0,0,0,0,1,0,1,1,1,1,1,0,0,0,0,0,0,0,1,1,0,0,0,0,0,1,0,1,0,1,0,1,0,3
1,0,0,0,0,0,0,1,0,0,0,0,1,0,1,0,0,0,0,1,0,1,0,0,0,0,1,0,1,1,1,1,1,1,1,0,0,0,0,0,0,0,0,0,0,0,0,1,0,4
0,1,1,1,1,1,1,1,0,0,0,0,0,0,1,0,0,0,0,0,0,1,1,1,1,1,0,0,0,0,0,0,0,0,1,1,0,0,0,0,1,0,0,1,1,1,1,1,0,5
0,1,1,0,1,1,0,1,0,0,0,0,0,1,1,0,0,0,0,0,0,1,1,1,1,1,1,1,1,0,0,0,0,0,1,1,1,0,0,0,0,1,0,1,1,1,1,1,0,6
0,1,1,1,1,1,1,1,0,0,0,0,1,0,0,0,0,0,1,0,0,1,0,0,1,0,0,0,1,0,1,0,0,0,0,0,0,1,0,0,0,0,0,0,1,0,0,0,0,7
0,1,1,1,1,1,0,1,1,0,0,0,0,1,1,0,0,0,1,0,1,0,1,1,0,1,1,0,1,0,1,0,0,0,1,1,0,1,0,0,0,1,0,1,1,1,1,1,0,8
0,1,1,1,1,1,0,1,0,0,0,0,0,1,1,0,0,0,0,0,1,0,1,1,0,1,1,0,0,0,0,0,0,0,1,1,0,0,0,0,0,1,0,1,1,1,1,1,0,9
0,0,1,1,0,0,0,0,1,0,0,0,1,0,1,0,0,0,0,0,1,1,0,0,0,0,0,1,1,0,0,0,0,0,0,0,1,0,0,0,1,0,0,0,1,1,1,0,0,0
0,0,0,1,0,0,0,0,0,1,1,0,0,0,0,1,0,1,0,0,0,0,0,0,1,0,0,0,0,0,0,1,0,0,0,0,0,0,0,0,0,0,0,1,1,1,1,1,0,1
0,1,1,1,1,1,0,1,0,0,0,0,0,1,0,0,0,0,1,0,1,0,1,1,1,1,0,0,1,0,0,0,1,0,0,1,0,0,0,0,0,0,1,1,1,1,1,1,1,2
0,1,1,1,1,1,0,1,0,0,0,0,0,1,0,0,0,0,0,0,1,0,1,1,1,1,1,0,0,0,0,0,0,0,1,1,0,0,0,0,0,1,0,1,1,1,1,1,0,3
1,0,0,0,0,0,0,1,0,0,1,0,1,0,1,0,0,0,0,1,0,1,0,0,0,0,0,0,1,0,1,1,1,1,1,0,0,0,0,0,1,0,0,0,0,0,0,1,0,4
1,1,1,1,1,1,1,1,0,0,0,0,0,1,1,0,0,0,0,0,0,1,1,1,1,1,1,0,0,0,0,0,0,0,1,1,0,0,0,0,0,1,0,1,1,1,1,1,0,5
0,1,1,1,1,1,0,1,0,0,0,0,0,1,1,0,0,0,0,0,0,1,1,1,1,1,1,0,1,0,0,0,1,0,1,1,0,0,0,0,0,1,0,1,1,1,1,1,0,6
1,0,1,1,1,1,0,1,0,0,0,0,1,0,0,0,1,0,1,0,0,0,0,0,0,0,0,0,0,0,1,0,0,0,0,0,1,1,0,1,0,0,0,0,1,0,0,0,0,7
0,1,1,1,1,1,0,1,0,0,0,0,0,1,1,1,0,0,0,0,1,0,1,1,1,1,1,0,1,0,0,0,0,0,1,1,0,0,0,0,0,1,0,1,1,1,1,1,0,8
0,1,1,1,1,1,0,1,1,0,0,0,0,1,1,0,0,0,0,0,1,0,1,1,1,1,1,1,0,0,0,0,0,0,1,1,0,0,0,0,0,1,0,1,1,1,1,1,0,9
0,1,1,1,1,0,0,0,1,1,0,0,1,0,1,0,0,0,0,0,1,1,0,0,0,0,0,1,1,0,1,0,0,0,1,0,1,0,0,0,1,0,0,0,1,1,1,0,0,0
0,0,0,1,0,0,0,0,0,1,1,0,0,0,0,0,1,1,0,0,0,0,0,0,1,0,0,0,0,0,0,1,0,0,0,0,0,0,1,0,0,0,0,1,1,1,1,1,0,1
0,1,1,1,1,1,0,1,0,0,0,0,0,1,0,0,0,0,0,0,1,0,1,1,1,1,1,0,1,0,0,1,0,0,0,1,0,0,0,0,0,0,1,1,1,0,1,1,1,2
0,1,1,1,1,1,0,1,0,0,0,1,0,1,0,0,0,0,0,0,1,0,1,1,1,1,1,0,0,0,0,0,0,0,1,1,0,0,0,0,0,1,0,1,1,1,1,1,0,3
1,0,0,0,0,0,0,1,0,0,0,0,1,0,1,0,0,0,0,1,0,1,0,0,0,1,1,0,1,1,1,1,0,1,1,0,0,0,0,0,1,0,0,0,0,0,0,1,0,4
1,1,1,1,1,1,1,1,0,0,0,0,0,1,1,0,0,0,0,0,0,1,1,1,1,1,1,0,0,0,0,0,0,0,1,1,0,0,0,0,0,1,0,1,1,1,1,1,0,5
0,1,1,1,1,1,0,1,0,0,0,0,1,1,1,0,0,0,0,0,0,1,1,1,1,1,1,0,1,1,0,1,0,0,1,1,0,0,0,0,0,1,0,1,1,1,1,1,0,6
0,1,1,1,1,1,1,1,0,0,0,0,1,0,0,0,0,0,1,0,0,0,0,0,1,0,0,0,1,0,0,0,0,0,0,0,0,1,0,0,0,0,0,0,1,0,0,0,0,7
0,1,1,1,1,1,0,1,0,0,0,0,0,1,1,0,0,0,0,0,1,0,1,1,1,1,1,0,1,0,0,0,0,0,1,1,0,0,0,0,0,1,0,1,1,1,1,1,0,8
0,1,1,1,1,1,0,1,0,0,0,0,0,1,1,0,0,0,0,0,1,0,1,1,1,1,1,1,0,0,0,0,0,0,1,1,0,0,0,1,0,1,0,1,1,1,1,1,0,9
0,0,1,0,1,0,1,0,1,0,0,0,1,0,1,0,0,0,0,0,1,1,0,0,0,0,0,0,1,0,0,0,0,0,1,0,1,0,0,0,1,0,0,0,1,1,1,0,0,0
1,0,0,1,0,1,0,0,0,1,1,0,0,0,0,1,0,1,0,0,0,0,0,0,1,0,0,0,0,0,0,1,0,0,0,0,0,0,1,0,0,0,0,1,1,1,1,1,0,1
0,1,1,1,1,1,0,1,0,0,0,0,0,1,0,0,0,0,0,0,1,0,1,1,1,1,1,0,1,0,0,0,0,0,0,1,0,0,0,0,0,0,1,1,1,0,1,1,1,2
0,1,1,1,1,1,0,1,0,0,0,0,0,1,0,0,0,0,0,0,1,0,1,1,1,1,1,0,0,0,1,0,0,0,1,1,0,0,0,0,0,1,0,1,1,1,0,1,0,3
1,1,0,0,0,0,0,1,0,0,0,0,1,0,0,0,0,1,0,1,0,1,0,0,0,0,1,0,1,1,1,1,1,1,1,1,0,0,0,0,1,1,0,0,0,0,0,1,0,4
1,1,1,1,1,1,1,1,0,0,0,0,0,0,1,0,0,0,0,0,0,1,1,1,1,1,1,0,0,0,0,1,0,0,1,1,0,1,0,0,0,1,0,1,1,1,1,1,0,5
0,1,1,1,1,1,0,1,0,0,0,0,0,1,1,0,0,0,0,0,1,0,1,1,1,1,1,0,1,0,0,0,0,0,1,1,0,0,0,0,0,1,0,1,1,1,1,1,0,6
1,1,1,1,1,1,0,1,0,0,0,0,1,0,0,0,0,1,1,0,0,0,0,0,1,0,0,0,0,0,1,0,0,0,0,0,1,1,0,0,0,0,0,0,1,0,0,0,0,7
0,1,1,1,1,1,0,1,0,0,1,0,0,1,1,0,0,0,0,0,1,0,1,1,1,1,1,0,1,0,0,0,0,0,0,1,0,0,0,0,0,0,0,1,1,1,1,1,0,8
0,1,1,1,1,1,0,1,0,0,0,0,0,1,1,0,0,0,0,0,1,0,1,1,1,0,1,1,0,0,0,0,0,0,1,1,1,0,0,0,0,1,0,1,1,1,1,0,0,9
0,0,1,1,1,0,0,0,1,0,0,0,0,0,1,0,0,0,0,0,1,1,0,0,1,0,0,1,1,0,0,0,0,0,1,0,1,0,0,0,1,0,0,0,1,1,1,0,0,0
0,0,0,1,0,0,0,0,0,1,1,0,0,0,0,1,0,1,0,0,0,0,0,0,1,0,0,0,0,0,0,1,0,0,0,0,0,0,1,0,0,0,0,1,1,1,1,1,0,1
0,1,1,1,1,1,0,1,0,0,0,0,0,1,0,0,0,0,0,0,1,0,1,1,1,1,0,1,1,0,0,1,0,0,0,0,0,0,0,0,0,0,1,1,1,1,1,0,1,2
0,1,1,1,1,1,0,1,0,0,0,0,0,1,0,0,0,0,0,0,1,0,1,1,1,1,1,0,0,0,0,0,0,0,1,1,0,0,0,0,0,1,0,1,0,1,1,1,0,3
1,0,0,0,0,0,0,1,0,0,0,0,1,0,1,0,0,0,0,1,0,1,0,0,0,0,1,1,1,1,1,1,1,1,1,0,0,0,1,0,1,0,0,0,0,0,0,1,0,4
1,1,1,1,1,1,1,1,0,0,0,0,0,0,1,0,0,0,0,0,0,1,1,1,1,1,1,1,0,0,0,0,0,0,1,1,0,0,0,0,0,1,0,1,1,1,1,1,0,5
0,1,1,0,1,1,0,0,0,0,0,0,0,1,1,0,0,0,0,0,0,1,1,1,1,1,1,0,1,0,0,0,0,0,1,1,0,0,0,0,0,1,0,1,1,0,0,1,0,6
1,1,1,1,1,1,1,1,0,0,0,0,1,0,0,0,0,0,1,0,0,0,0,0,0,0,0,0,0,0,1,0,0,0,0,1,0,1,1,0,0,0,0,0,1,0,0,0,0,7
0,1,1,1,1,1,0,1,0,0,0,0,0,1,1,0,0,0,0,0,1,0,1,1,1,1,1,0,1,0,0,0,0,0,1,1,0,0,0,0,0,0,0,1,1,1,1,1,0,8
0,1,1,1,1,1,0,1,0,0,0,0,0,1,1,0,0,0,1,0,1,0,0,1,1,1,1,1,0,0,0,1,1,0,0,1,0,0,0,0,0,1,1,1,1,0,1,1,0,9
0,1,1,1,1,0,0,0,1,0,0,0,0,0,1,0,0,0,0,0,1,1,0,0,0,0,0,1,0,0,0,0,0,0,1,0,1,0,0,0,1,0,0,0,1,1,1,0,0,0
0,0,0,1,0,0,0,0,0,1,1,0,0,0,0,1,0,1,0,0,0,0,0,0,1,0,0,1,0,0,1,1,0,1,0,0,0,0,1,0,0,0,0,1,1,1,1,1,0,1
0,1,1,1,1,1,0,1,0,0,0,0,0,1,0,0,0,0,0,0,1,0,1,1,1,0,1,0,1,1,0,0,0,0,0,1,0,0,0,0,0,0,1,1,1,1,1,1,1,2
0,1,1,1,1,1,0,1,0,0,0,0,0,1,0,0,0,0,0,1,1,0,1,1,1,1,1,0,0,0,0,0,0,0,1,1,0,0,0,0,0,1,1,1,1,1,1,1,0,3
1,0,0,0,0,0,0,1,0,0,0,0,1,0,1,0,0,0,0,1,0,0,0,0,0,0,1,0,1,1,1,1,1,1,1,0,0,0,0,0,1,0,0,0,0,0,0,1,0,4
1,1,1,1,1,1,1,1,0,0,0,0,0,0,1,0,0,0,0,0,0,1,1,1,1,0,1,0,0,0,0,0,0,0,1,1,0,1,0,0,0,1,0,1,1,1,1,1,0,5
0,1,0,1,1,1,0,1,0,0,0,1,0,1,1,0,0,0,0,0,0,1,1,1,1,1,1,0,1,0,0,0,1,0,1,1,0,0,0,0,0,1,0,1,1,1,1,1,0,6
1,1,1,1,1,1,1,0,0,0,0,0,1,0,0,0,0,0,1,0,1,0,1,0,1,0,0,0,1,0,1,0,0,0,0,0,0,1,0,0,0,0,0,0,1,0,0,0,0,7
1,1,1,1,1,1,0,1,0,0,0,0,0,1,1,0,0,0,1,0,0,0,1,1,0,1,1,0,1,0,0,0,0,0,1,1,0,0,0,0,0,1,0,1,1,1,1,1,0,8
0,1,1,1,1,1,0,1,0,0,0,0,0,1,0,0,0,0,0,0,1,0,1,1,1,0,1,1,0,0,0,0,0,0,1,1,0,0,0,0,1,1,0,1,1,1,1,1,0,9
0,1,1,1,1,0,0,0,1,0,0,0,1,0,1,0,0,0,0,0,1,1,0,0,0,0,0,1,1,0,0,0,0,0,1,1,1,0,0,0,1,0,0,0,1,1,1,0,0,0
0,0,1,1,0,0,0,0,0,1,1,1,1,0,0,1,0,1,0,0,0,0,0,0,1,0,0,0,0,0,0,1,0,0,0,0,0,0,1,0,0,0,0,1,1,1,1,1,0,1
0,1,1,1,1,1,0,1,1,1,0,0,0,1,0,0,0,0,0,0,1,0,1,1,1,1,1,0,1,0,0,0,0,0,0,1,0,0,0,0,0,0,1,1,1,1,1,1,1,2
0,1,1,1,1,1,0,1,0,0,0,0,0,1,0,0,0,0,0,0,1,0,1,1,1,1,0,0,0,0,0,0,0,0,1,1,0,0,0,0,0,1,0,1,1,1,1,1,0,3
1,0,0,0,0,0,0,1,0,0,0,0,1,0,1,0,0,0,0,1,0,1,0,0,0,0,1,0,1,1,1,1,1,1,1,0,0,0,0,0,1,0,0,0,0,0,0,1,0,4
1,1,0,1,1,0,1,1,0,0,0,0,0,0,1,0,0,0,0,0,0,1,1,1,1,1,1,0,0,0,1,0,0,0,1,1,1,0,0,0,0,0,0,1,1,1,1,1,0,5
0,1,1,1,1,1,0,1,0,0,0,0,0,1,1,0,0,0,0,0,0,1,1,1,1,1,1,0,1,0,0,0,0,0,1,1,0,0,1,0,0,1,0,1,1,1,1,1,0,6
1,1,1,1,1,1,1,1,0,1,0,0,1,0,0,0,0,0,1,0,0,0,0,0,1,0,0,0,0,1,1,0,0,0,0,0,0,1,0,0,0,0,0,0,1,0,0,0,0,7
0,1,1,1,1,0,1,1,0,0,0,1,0,1,1,0,0,0,0,0,1,0,1,1,1,1,1,0,1,1,0,0,0,0,1,1,0,0,0,0,0,1,1,1,1,1,1,1,0,8
0,1,1,1,1,1,1,1,0,0,0,0,0,1,1,1,0,0,0,0,1,0,1,1,1,1,1,1,0,0,0,0,1,0,1,1,1,0,0,0,0,1,0,1,1,1,1,0,0,9
0,0,1,1,1,0,0,0,1,0,0,0,1,0,1,0,0,1,0,0,1,1,0,0,0,0,0,1,1,0,0,0,0,0,1,0,1,0,0,0,1,0,0,0,1,1,1,0,0,0
0,0,0,1,0,0,0,1,0,1,1,0,0,0,0,1,0,1,0,0,0,0,0,0,1,0,1,0,0,0,0,1,0,0,0,0,0,0,1,0,0,0,0,1,1,1,1,1,0,1
0,1,1,1,1,1,0,1,0,0,0,0,0,1,0,0,0,0,0,0,1,0,1,1,1,1,1,0,1,0,0,0,0,0,0,1,0,0,0,0,1,0,1,1,1,1,1,1,1,2
0,1,1,1,1,1,0,1,0,0,0,0,0,0,0,0,0,0,1,0,1,0,1,1,1,1,1,0,0,0,0,0,0,0,1,1,1,1,0,0,0,1,0,1,1,1,1,1,0,3
1,0,0,0,1,0,0,1,0,0,0,0,1,0,1,0,0,0,1,1,0,1,1,0,0,0,1,0,1,1,1,1,1,0,1,0,0,0,0,0,1,0,0,0,0,0,0,1,0,4
1,1,1,1,1,1,1,1,0,0,0,0,0,0,1,0,0,1,0,0,0,1,1,1,1,1,1,0,0,0,1,0,0,0,1,1,0,0,0,0,0,1,1,1,1,1,1,1,0,5
0,1,1,1,1,1,0,1,0,0,0,0,0,1,1,0,0,0,0,0,0,1,1,1,1,1,1,0,1,0,0,0,0,0,1,0,0,0,0,0,0,1,0,1,1,1,1,1,0,6
1,1,1,1,1,1,1,1,0,0,0,0,1,0,0,0,0,0,1,0,0,0,0,0,1,0,0,0,0,0,1,0,0,0,0,0,0,1,0,0,0,0,0,0,1,0,0,0,0,7
0,1,1,1,1,1,0,1,0,0,0,0,0,1,1,0,0,0,0,1,1,0,1,1,1,1,1,0,1,0,0,0,0,0,1,1,0,1,0,0,0,0,1,1,1,1,1,1,0,8
0,1,1,1,1,1,0,1,0,0,0,0,0,1,1,0,0,0,0,0,1,0,1,1,1,1,1,1,0,0,0,0,0,0,1,1,0,0,0,0,0,1,0,1,0,0,0,1,0,9
0,0,1,1,1,0,0,0,1,0,0,0,1,0,1,0,0,0,0,0,1,1,0,0,0,0,0,1,1,0,0,0,0,0,1,0,1,0,0,0,1,0,0,0,1,1,1,0,0,0
0,0,0,1,0,0,0,0,0,0,1,0,0,0,0,0,0,1,0,0,0,0,0,0,1,1,0,0,0,0,0,1,1,0,1,0,0,0,1,1,0,0,0,1,1,1,1,1,0,1
1,1,1,1,1,1,0,1,0,0,1,0,0,1,0,0,0,0,1,0,1,0,1,1,1,1,1,0,1,0,0,0,0,0,0,1,0,0,0,0,0,0,1,1,1,1,1,1,1,2
0,1,1,1,1,1,0,1,0,0,0,0,0,1,0,0,0,0,0,0,1,0,1,0,1,1,1,0,0,1,1,0,0,0,1,1,0,0,0,0,1,1,0,1,1,1,1,1,0,3
1,0,0,0,0,1,0,1,0,0,0,0,1,0,1,0,0,0,0,1,0,1,0,1,0,0,1,0,1,1,1,1,1,1,1,0,0,0,0,0,1,0,0,1,0,0,0,1,0,4
1,1,1,0,1,1,1,1,0,0,0,0,0,0,1,0,0,0,0,0,0,1,1,1,1,1,1,0,0,0,0,0,0,0,1,1,1,0,0,0,0,1,0,1,1,1,1,1,0,5
0,1,1,1,1,1,0,1,0,0,1,0,0,1,1,0,0,0,0,0,0,1,1,1,1,1,1,0,1,0,1,0,0,0,1,1,0,0,0,0,0,1,0,1,1,1,1,1,0,6
1,1,1,1,1,1,0,1,0,1,0,0,1,0,0,0,0,0,1,0,0,0,0,0,1,0,0,0,0,0,1,0,0,0,0,0,0,1,0,0,0,0,0,0,1,0,0,0,0,7
0,1,1,1,1,1,0,1,0,0,0,0,0,1,1,0,0,0,0,0,1,0,1,1,1,1,1,0,1,0,0,0,0,0,1,1,0,0,0,0,0,1,0,1,1,1,1,1,0,8
0,1,1,1,1,1,0,1,0,1,0,0,0,1,1,0,0,0,0,0,1,0,1,1,1,1,0,1,0,0,0,0,0,0,1,1,0,0,0,0,0,1,0,1,1,1,1,1,0,9
1,0,1,1,1,0,0,0,1,0,0,0,1,0,1,0,0,0,0,0,0,1,0,0,0,0,0,1,1,0,0,0,0,0,1,0,1,0,1,0,1,0,0,0,1,1,1,0,0,0
0,0,0,1,0,0,0,0,0,0,1,0,1,0,0,1,0,1,0,0,0,0,0,0,1,0,0,0,0,0,0,1,0,0,0,1,0,0,1,0,0,0,0,1,1,1,1,0,0,1
0,1,1,1,1,1,0,1,0,0,0,1,0,1,0,0,0,0,0,0,1,0,1,1,1,1,1,0,1,0,0,0,0,0,0,1,0,0,0,0,0,0,1,1,0,1,1,1,1,2
0,1,1,1,1,1,0,1,0,0,0,0,0,1,0,0,0,0,0,0,1,0,1,1,1,1,1,0,0,0,0,0,0,0,1,1,0,0,0,0,0,1,0,1,1,1,1,1,0,3
1,0,0,0,0,0,0,1,0,0,0,0,1,0,1,0,0,0,0,1,0,1,0,0,0,0,1,0,1,1,1,1,1,1,1,0,0,0,0,0,1,0,0,0,0,0,0,1,0,4
1,1,1,1,1,1,1,1,1,0,0,0,0,0,1,0,0,0,0,0,0,1,1,1,1,1,1,0,0,0,0,0,0,0,1,1,0,0,0,0,0,1,0,1,1,1,1,1,0,5
0,1,1,1,1,1,0,1,0,0,0,0,0,1,1,0,0,0,0,0,0,1,1,0,1,1,0,0,1,0,0,0,0,0,1,1,0,0,0,1,0,1,1,1,1,1,1,1,0,6
1,1,1,1,1,1,1,1,0,0,0,0,1,0,0,0,0,0,1,0,0,0,0,0,1,0,0,0,0,0,1,0,0,0,0,0,0,1,0,1,0,0,1,0,1,0,0,0,0,7
0,1,1,1,1,1,0,1,0,0,0,0,1,1,1,0,0,0,1,0,1,0,1,1,1,1,1,0,1,0,0,0,0,0,1,1,0,0,0,0,0,0,0,0,0,1,1,1,0,8
0,1,1,1,1,1,0,1,0,0,0,0,0,1,1,1,0,0,0,0,1,0,1,1,1,1,1,1,0,0,0,0,0,0,1,1,0,0,0,0,0,1,0,1,1,1,1,1,0,9
0,0,1,1,1,0,0,0,1,0,0,0,1,0,1,0,0,0,0,0,1,1,0,0,0,1,0,1,1,0,0,0,0,0,1,0,0,0,0,0,1,0,0,0,1,1,1,0,0,0
0,0,0,1,0,0,0,0,0,1,1,0,0,0,1,1,0,1,0,0,0,0,0,0,1,0,0,0,0,0,0,1,0,1,0,0,0,0,1,0,1,0,0,1,1,1,1,1,0,1
0,1,1,1,1,1,0,1,0,0,0,0,0,0,0,0,0,0,0,0,1,0,1,1,1,1,1,1,0,0,0,0,0,0,1,1,0,0,0,0,0,0,1,1,1,1,1,1,1,2
0,1,1,1,1,1,0,1,0,0,0,0,0,1,0,0,0,1,0,0,0,0,1,1,1,1,1,0,0,0,0,0,1,0,1,1,0,0,0,0,0,1,0,1,1,1,1,1,0,3
1,0,0,0,0,0,0,1,1,0,0,0,0,0,1,0,0,0,0,1,0,1,0,0,0,0,1,0,1,1,1,1,1,1,1,1,0,0,0,0,1,0,0,0,0,0,0,1,0,4
1,1,1,1,1,1,1,1,0,0,0,0,0,0,1,0,0,0,0,1,0,1,0,1,1,1,1,0,0,0,0,0,0,0,1,1,0,0,0,0,0,1,0,1,1,1,1,1,0,5
0,1,0,1,1,1,0,0,0,0,0,0,0,1,1,0,0,0,0,0,0,1,1,1,1,1,1,0,1,0,0,0,0,0,1,1,0,0,0,1,0,1,0,1,1,1,0,1,0,6
1,1,1,1,1,1,1,1,0,0,0,0,1,0,0,0,0,0,1,0,0,0,0,0,1,0,0,0,0,0,1,0,0,0,0,1,0,1,0,0,0,0,0,1,1,0,0,0,0,7
0,1,1,0,1,1,0,1,0,0,0,0,0,1,1,0,0,1,0,0,1,0,1,1,1,1,1,0,1,0,1,0,0,0,1,1,0,0,0,0,0,1,0,1,0,1,1,1,0,8
0,1,1,1,1,1,0,1,0,0,0,0,0,1,1,0,0,0,0,0,1,0,1,1,1,1,1,1,0,0,1,0,0,0,1,1,0,0,0,1,0,1,0,1,1,1,1,1,0,9
